2514,23
1204,18
871,40
622,17
2270,4
261,10
357,1
823,3
2976,46
1387,28
2594,17
1657,34
2153,10
2094,38
491,49
2133,23
301,17
1563,1
2921,30
2205,5
2297,0
1233,11
2894,32
1077,7
810,14
1318,36
2091,38
1253,20
2618,28
2238,29
2189,45
2449,30
1548,1
1890,11
2258,31
2682,26
2510,45
2404,35
1831,47
2204,26
1345,23
895,17
2571,5
2901,42
2093,50
702,47
1739,44
2765,8
2202,41
2839,11
1828,4
166,6
317,15
2299,30
1003,0
2610,42
500,0
910,24
1338,18
1224,8
488,3
2010,14
1103,44
2577,44
883,45
150,31
2758,14
830,15
96,15
2443,9
2772,3
1519,23
687,13
132,28
2411,9
2260,27
1920,5
534,24
1842,3
2992,15
2585,12
2253,7
1682,10
2702,32
1351,49
805,19
2960,23
783,22
2885,47
2694,33
1625,17
2857,29
1303,7
1861,23
764,14
423,41
1521,18
2386,36
1939,20
2993,39
2747,1
183,35
2850,39
1526,2
211,27
316,6
636,29
273,46
1578,3
602,38
1366,25
1330,23
2200,6
2770,7
1933,8
707,15
2494,32
966,44
377,37
195,13
429,34
1710,20
2320,21
323,40
2317,44
1197,7
401,18
277,44
1114,1
1456,41
2182,40
1796,19
2394,29
1895,11
2999,11
39,9
1263,48
1924,27
2524,11
1938,13
2292,30
2172,40
335,2
264,26
1038,12
1198,30
1807,46
2078,2
1660,25
111,40
1579,12
2621,49
2819,1
156,12
930,32
300,42
1374,14
67,17
1257,30
772,44
1019,24
48,0
1154,48
234,16
923,43
189,4
877,36
1925,32
126,13
87,37
2062,19
2680,16
659,35
1751,46
658,35
1236,46
2042,8
1384,48
1326,47
1963,19
1453,4
140,17
1029,17
900,28
2849,15
2883,19
2858,47
2759,25
1189,38
1399,46
1714,6
369,16
2234,32
2595,0
2439,10
618,7
1729,13
2067,36
2603,6
1511,9
163,20
266,24
2164,33
1107,23
1662,20
2206,45
116,26
2168,49
14,11
1486,17
1149,4
2389,10
171,25
1284,31
558,33
1465,39
1395,18
2649,15
683,15
2440,19
2553,5
1615,18
2710,22
2239,34
2111,7
2628,16
1949,3
1498,22
752,28
9,27
1612,12
454,11
1115,45
748,10
2860,29
2193,18
309,10
1287,40
1344,22
0,25
332,35
1106,40
2660,44
455,28
1964,45
1945,1
1718,19
84,16
2064,49
709,19
1785,5
2933,3
634,2
1293,39
200,18
2422,32
672,12
929,37
727,49
1295,25
1421,33
1140,6
2914,28
2412,3
2973,43
5,16
2779,41
718,31
2166,39
960,41
2033,15
2119,12
2286,9
1822,49
1437,45
2431,0
1872,8
102,49
1799,28
1218,43
1153,50
2434,34
2135,35
2959,40
2321,9
1049,12
850,22
2804,16
348,22
2859,15
2674,40
691,12
199,11
1851,26
1262,22
1121,17
2877,44
749,15
2452,28
2632,5
1258,12
1696,22
861,36
2625,31
1129,33
1085,30
831,26
2275,20
2738,47
2667,44
2400,32
2483,16
1037,14
2544,26
2430,45
1134,39
896,25
1665,15
1057,43
2752,46
1549,4
2350,50
2988,43
2931,38
1537,19
2708,37
1454,37
1836,32
2191,46
2493,24
2012,18
430,39
2957,36
1063,30
2226,19
1405,40
611,22
380,13
77,34
1089,45
948,30
610,34
2876,42
2655,23
1271,13
1432,5
596,3
1420,34
2806,6
1093,29
1082,43
1534,11
2651,26
1092,22
117,19
2318,50
279,44
802,22
1713,20
415,9
2298,29
838,43
1671,39
2769,13
1893,13
1950,13
1376,31
874,10
2810,11
811,25
1701,3
2426,26
49,37
1634,32
470,17
2257,12
548,3
2732,5
1904,10
1518,9
451,47
1244,13
763,30
1845,17
282,42
933,42
1817,10
1611,45
1661,48
2462,37
875,42
1535,41
2612,31
1419,49
2117,17
38,22
2036,7
2056,11
2356,26
305,43
1995,43
2310,25
1782,34
891,18
2362,35
703,14
578,29
2936,26
80,45
1715,28
822,23
463,50
1593,27
1919,3
1075,8
2057,5
160,39
2609,43
719,6
2331,21
215,45
461,31
884,29
2563,32
296,19
1759,0
2965,15
469,13
241,41
2388,0
1002,2
1188,11
1325,41
2700,27
2895,18
561,27
29,22
2902,20
819,42
751,45
170,14
2437,39
2068,49
630,23
638,10
2646,13
2433,13
112,23
2022,38
1887,5
1379,5
2601,12
1249,43
607,30
1616,8
2375,21
1936,38
452,6
1009,40
1570,21
334,10
770,30
1906,8
771,32
600,5
2335,0
325,6
236,30
235,1
83,28
2303,29
1984,32
310,28
2861,5
2229,17
1988,31
416,21
1138,18
425,27
2939,41
2059,10
650,15
450,9
556,13
2115,33
379,40
1381,8
2048,42
230,15
1585,33
1735,45
1429,25
1905,4
1844,41
426,5
27,22
1926,49
70,8
485,0
2125,16
1525,27
656,3
2985,37
2139,30
2529,19
2825,12
919,38
2262,16
468,3
1041,50
2949,4
2705,15
432,12
701,50
1771,27
1177,24
1505,9
518,25
372,7
1792,3
1742,36
1223,7
2004,28
343,30
1289,43
562,29
1544,4
1468,20
2021,38
684,7
2891,6
1051,1
1896,29
419,9
857,5
2302,8
1853,37
2903,2
1952,36
1047,0
2552,27
994,19
76,19
2377,29
1778,17
1479,46
2915,37
2397,32
1173,40
2919,40
706,45
2001,48
2203,13
1423,0
928,7
1591,31
568,30
1803,10
2889,14
606,46
2983,30
2533,27
2332,5
290,47
320,0
1958,3
1026,22
2074,25
535,3
1773,36
1863,3
2778,20
2082,21
1123,15
1010,28
2453,28
2249,11
2372,46
1478,32
1382,21
944,24
73,11
828,34
959,7
1378,38
2823,34
1346,2
686,4
446,40
2688,19
1898,4
897,39
2429,24
693,10
1393,10
1331,20
620,17
1150,7
252,16
598,18
2513,19
2441,16
1315,17
1408,30
516,34
1613,48
1894,10
2540,27
121,26
2596,40
731,21
61,19
385,47
1514,43
987,31
388,40
981,24
1885,32
36,23
817,19
985,41
2090,44
1195,49
2053,9
1725,49
1520,43
194,31
550,8
692,39
1558,35
2888,37
2841,45
2807,33
1281,28
1418,44
1088,13
2912,6
20,31
12,9
2448,44
1693,47
329,10
93,5
1280,42
1369,34
414,16
217,8
2296,23
945,43
1080,3
1911,19
920,2
1873,5
2754,46
965,26
1125,30
2638,37
1312,10
590,18
644,26
152,32
2731,35
2306,37
1013,33
458,30
646,45
2454,16
1680,30
1427,32
2862,47
2570,22
2018,8
1487,12
456,43
1859,32
663,22
2142,31
81,48
2766,43
2109,10
776,35
1618,10
1741,38
2481,50
308,5
1438,0
1781,14
157,2
2591,16
402,40
2693,21
1184,23
1907,48
1373,13
2567,44
1228,7
679,20
635,32
1672,36
489,27
2223,4
1148,2
1769,7
1286,16
89,23
594,14
2832,0
1603,30
1199,48
2367,42
2085,31
2370,12
588,12
2222,40
1069,31
2767,47
120,3
2840,17
2636,11
2971,37
1116,6
2661,14
1539,7
2834,44
580,24
2868,44
250,31
74,5
882,49
740,45
1412,11
2751,45
582,18
108,8
2764,8
1532,36
367,23
1135,30
2209,34
529,45
2547,46
2178,40
1777,50
324,33
2013,6
1182,46
2044,45
2995,36
2176,23
964,25
848,16
1091,38
905,48
1133,37
631,42
249,13
223,6
1359,27
2195,31
180,50
1024,33
840,31
1824,24
2228,33
839,23
2184,3
1174,17
2307,45
696,40
971,0
843,7
1290,48
400,9
710,49
2785,22
2899,39
704,20
66,39
203,45
1601,31
2054,35
2097,50
45,43
2254,44
191,32
2534,20
780,17
2162,16
511,4
2794,24
2221,12
818,8
1588,8
2502,13
526,26
1275,27
1450,17
267,43
1360,16
1929,25
1607,8
1789,20
512,47
999,13
2937,38
669,15
1128,12
2821,35
278,1
2327,20
2691,45
1808,46
573,21
657,8
72,13
1392,44
2573,15
1989,41
1915,48
2342,23
433,39
1533,38
175,40
853,26
1377,21
675,10
303,23
1957,36
1055,26
2445,42
2509,37
1566,36
2526,16
2593,1
176,25
1837,41
2996,19
2635,4
978,16
2771,20
506,25
604,5
2201,12
2518,29
1246,29
733,7
1864,21
2314,4
2219,33
1648,22
1745,41
2482,34
2602,2
1610,15
2575,44
186,15
1655,23
581,0
161,17
1451,4
1192,49
2961,34
1124,25
1801,46
1921,2
1756,7
2217,38
2038,46
1413,33
1139,38
13,48
1642,18
1087,15
904,2
440,37
2160,38
1897,7
21,49
397,37
918,47
2145,39
2252,24
292,39
472,36
2958,35
599,46
1434,33
1575,48
1341,24
1794,40
2776,17
583,18
2866,21
208,32
705,41
1768,13
2846,5
1191,16
851,27
2977,23
1770,42
1209,19
2476,28
697,2
2255,22
1061,39
2678,0
2626,45
570,6
2774,22
866,12
1748,0
1306,11
1169,29
2654,30
575,41
2904,24
908,8
2309,17
836,27
2415,12
52,27
2584,21
54,14
2268,4
569,29
312,2
1573,15
1795,37
2473,11
2329,48
64,34
2355,47
1847,48
1935,26
34,50
1666,25
903,31
1818,10
1300,50
2923,17
2231,18
2339,48
1586,46
2280,47
2128,19
1217,48
2401,11
1311,18
1850,24
2071,41
2099,37
1000,50
2896,13
1187,31
2378,43
759,19
154,33
471,10
1942,26
796,5
124,40
728,41
566,20
833,8
2565,16
2964,26
1446,8
1644,46
1889,17
2122,35
2812,3
411,3
2511,48
1553,30
1156,29
1490,8
502,47
1901,19
887,10
2692,45
1841,41
1277,0
584,17
1250,37
2865,37
1035,22
2353,1
2726,0
1626,32
1120,11
2077,45
225,12
128,20
1762,43
428,48
1581,30
2984,29
972,1
155,17
2464,20
2848,17
2420,29
2561,22
1327,43
942,7
1435,21
2946,43
2143,34
862,41
1352,8
1923,1
743,34
2600,12
1282,44
1899,27
2783,36
1211,48
478,6
641,48
1902,41
766,4
1867,18
2006,39
2486,9
1229,49
59,30
1881,42
1137,1
782,44
1551,46
2586,16
1916,44
1274,46
190,27
2447,44
2668,27
2058,19
1296,43
2385,13
1669,50
716,14
2969,42
2611,1
2399,4
2916,29
1443,16
2815,27
1695,44
366,30
1097,43
816,39
1167,12
791,27
56,14
2707,17
1473,22
101,26
1388,19
2015,35
222,37
1812,26
2055,1
1846,38
616,23
119,42
593,33
552,32
2300,26
2941,0
2361,27
553,32
202,29
2084,11
1510,47
2368,38
464,30
2568,36
1040,26
924,34
826,2
2729,21
2087,31
1931,25
17,25
1298,44
1637,10
1723,25
2112,9
409,28
481,14
813,13
1462,8
2308,34
2701,43
2838,10
1632,0
1835,43
145,36
88,22
2642,6
1728,50
1012,5
2346,18
137,23
1193,31
2572,39
410,47
603,42
2647,13
2608,39
1621,18
943,22
1883,2
346,1
1913,37
1266,2
845,47
2716,9
71,39
28,38
953,34
1108,2
412,21
935,35
673,9
1362,18
2792,17
2924,17
1452,12
2874,37
2428,5
2496,50
1231,12
835,23
695,0
1650,20
1962,14
2724,22
251,0
1985,40
1044,12
1316,6
1776,14
2991,15
790,11
2220,5
2186,16
459,8
480,48
2241,6
1431,43
1654,42
720,37
1791,33
867,32
1212,40
2079,26
2990,37
2981,43
2515,18
2244,7
338,4
1869,18
1763,0
482,13
1502,16
2898,50
1990,49
1105,45
1242,21
1951,27
1343,48
1959,20
2728,6
639,11
2264,43
1619,23
2114,33
2782,29
1823,1
2277,31
1176,25
1839,35
690,31
2910,24
2942,38
2211,28
2051,49
2927,21
363,47
1631,4
187,6
315,21
947,47
1081,19
565,27
1948,9
1811,5
1744,48
991,40
957,45
1830,24
2279,33
1141,24
2107,5
2246,32
1457,50
2922,24
2014,30
247,34
2466,5
359,3
1595,1
98,22
2676,45
1261,34
1840,18
1070,22
1617,43
1722,29
2393,30
2955,0
2986,22
2396,11
2925,26
2043,42
2746,17
2753,4
431,24
1860,2
2781,36
504,34
979,44
537,46
627,21
1053,33
525,8
1208,7
2438,14
477,30
954,46
1865,0
549,20
514,50
209,23
1164,15
255,8
2381,33
1721,7
601,26
993,47
1979,12
1459,47
2748,7
681,35
2161,22
2192,27
1908,36
1206,13
1396,21
1910,36
2311,27
1849,32
280,48
946,24
1050,12
1630,24
1269,42
107,11
655,13
1471,21
2197,24
2745,3
2863,39
1,41
793,26
521,11
2864,20
2952,42
167,46
407,50
2251,18
1649,35
2132,2
1119,30
2587,12
2155,40
666,12
1580,28
1472,42
413,23
2034,32
2470,46
55,40
2403,23
347,14
10,49
2786,7
2562,4
2083,29
1332,39
2855,39
940,5
1320,45
2597,24
62,21
1592,49
1146,29
1248,32
574,16
1712,50
587,24
2574,47
2408,45
1838,39
1641,32
2041,24
2225,20
854,40
849,45
141,36
541,23
18,25
2833,28
193,16
2165,25
184,4
1750,3
1122,44
2598,14
2003,27
1961,0
1810,25
2675,12
134,15
1673,0
1163,43
1467,50
2631,30
2872,38
2328,12
1797,0
1068,37
355,44
2088,20
2741,11
967,10
1076,27
1857,30
349,4
2008,22
2198,3
2402,44
1485,39
2284,18
243,36
1888,38
1978,47
1656,45
1702,35
2799,47
2639,25
1941,43
2224,41
2017,46
1476,36
2156,8
664,45
395,43
807,6
2590,49
2506,3
767,26
254,2
2740,29
374,31
2531,48
1484,12
1833,14
2382,3
1021,31
757,11
1328,50
608,47
1083,49
1210,13
723,47
1145,48
538,20
104,50
2265,24
162,3
1880,2
2870,20
386,18
2035,46
992,1
986,23
95,36
2380,28
1227,18
475,43
625,10
642,17
2968,35
2218,32
1157,26
2410,41
2140,24
1802,24
221,47
1684,2
2886,19
741,49
490,2
1531,35
2474,31
2390,47
90,28
2943,49
1765,41
2488,21
204,7
814,24
865,34
298,26
860,42
398,50
2566,25
2940,5
1127,21
989,16
2319,16
2722,0
1653,6
2301,14
2344,39
559,8
26,9
42,21
1508,41
233,14
2131,26
281,28
1760,18
2141,8
206,17
2749,21
1158,35
326,33
1639,41
1235,9
2801,24
1363,29
2146,24
1879,15
1072,50
1481,40
356,25
2157,42
868,35
2690,35
1099,26
311,33
1205,49
390,28
1414,41
213,1
913,11
1162,48
1458,19
82,20
1892,33
1365,43
1734,31
2250,4
677,47
619,4
275,37
564,48
1598,30
144,32
2188,29
2063,46
2671,27
941,9
1463,33
1305,17
1633,25
1447,49
226,39
1827,20
304,27
747,32
2634,3
1522,11
449,20
1014,12
69,7
2712,9
497,30
106,15
1504,20
418,43
523,47
2619,49
1530,1
1992,24
1039,42
785,16
2686,25
466,50
2826,40
1557,33
536,31
2760,28
352,49
1340,15
932,6
2477,36
2423,4
75,0
2152,0
479,1
2658,50
1507,17
1536,23
2897,32
2075,46
524,46
522,1
1496,5
1600,16
2662,4
2837,18
1308,34
2620,47
146,11
149,35
2789,14
2190,10
958,29
293,42
2337,9
674,30
1571,30
2285,49
2461,16
1854,24
1449,49
2150,7
1348,12
2523,6
2780,19
532,0
44,48
125,15
1689,1
1239,28
2666,44
651,15
2797,33
2092,26
1436,17
715,20
1397,19
2836,10
2998,0
35,35
2605,27
1974,4
1815,4
2123,47
889,22
404,5
2348,1
2709,35
554,41
2491,44
1304,47
2295,38
2814,6
1834,47
2604,5
1028,23
15,24
2207,12
1737,17
53,22
2817,0
378,21
2407,28
832,36
2287,15
8,13
2499,14
118,38
313,42
486,31
2450,0
2126,15
653,24
2672,33
2787,20
201,46
1161,5
188,48
1136,25
2269,31
714,35
2800,16
424,1
876,33
2130,20
11,30
2210,11
2851,24
628,13
2425,42
393,30
531,49
1732,2
350,26
22,6
427,10
837,9
2873,29
869,31
2928,0
1730,28
1477,12
2633,1
2844,36
982,2
1676,50
1444,14
2580,0
2110,5
579,42
539,39
911,42
1998,2
617,5
804,14
237,25
2261,46
364,39
2405,22
2929,14
665,32
517,33
676,25
975,29
2887,4
2543,46
2080,21
1247,16
1542,45
2472,15
1917,13
1970,11
2818,21
1752,20
457,20
360,12
2326,30
1270,14
1576,19
2113,47
1667,46
2757,21
668,48
216,11
437,15
1358,3
2,41
1428,5
2248,6
2761,14
1694,41
1178,13
906,7
2039,26
2421,16
2737,23
2755,50
2174,47
2365,1
557,25
859,14
2926,43
1972,27
730,36
1401,46
2878,35
2805,3
1813,5
1955,15
2538,34
109,43
1221,15
528,49
1264,21
2744,37
2670,9
271,34
362,40
1623,14
2360,35
821,48
2129,29
99,20
1361,32
1389,16
164,17
2884,8
2856,44
1624,5
495,41
841,30
2588,6
2736,21
319,26
1798,21
131,14
2730,7
2950,29
210,37
1267,3
825,26
1104,26
977,9
1681,1
2829,38
270,25
1272,45
2104,48
2576,37
1059,9
2171,46
2338,41
1118,39
798,13
577,6
555,10
890,33
2504,4
322,45
614,19
2525,36
1054,8
1517,2
2379,38
40,22
1430,49
974,22
2541,16
509,1
998,1
2530,40
2685,4
736,49
1492,32
1658,49
2278,9
2497,2
2803,34
2480,37
781,48
1252,18
563,39
612,38
1185,50
1155,12
351,4
1800,17
1143,39
220,22
2679,27
115,21
2364,46
476,38
1052,6
1299,4
43,1
915,36
1410,47
1527,31
863,19
434,45
2243,29
2627,49
1147,38
1113,35
2233,47
2214,12
1112,13
25,8
1207,31
2811,3
1584,3
148,41
2266,14
613,6
1698,26
2271,35
2989,19
2366,26
408,6
1766,29
246,31
2118,30
1628,2
662,21
774,20
2599,50
2831,28
2640,32
1256,29
544,8
2842,6
2007,40
1568,37
762,38
2735,45
2103,33
442,42
1577,46
2020,0
1692,17
143,32
173,27
1011,16
1554,5
51,37
2699,26
110,21
806,20
2920,10
1582,49
2294,12
2677,24
1640,25
276,38
2147,7
846,19
2333,4
2535,47
872,19
147,6
1335,26
2581,16
542,17
784,8
1067,24
6,6
1720,18
633,8
138,11
1098,1
1871,49
1513,32
1856,47
758,16
1500,8
288,39
2643,39
2768,45
284,48
2554,34
2820,49
253,48
1699,20
990,25
2798,44
2416,27
2240,16
1096,25
729,28
789,3
2451,1
1543,25
2016,1
354,1
1967,34
745,13
2384,28
2723,7
1483,20
2213,3
788,36
2469,38
1793,41
2235,24
2788,41
1764,38
1862,14
314,33
341,44
778,29
24,25
133,7
1491,10
2880,11
1969,47
1090,28
2049,24
1675,15
2734,26
2556,21
159,14
852,45
1347,23
1679,49
893,45
2505,25
725,38
2185,8
2522,8
197,25
30,35
753,12
337,30
2045,28
1375,28
1489,39
1878,2
2695,6
265,2
2557,4
2175,48
777,48
899,43
245,8
2313,33
1020,6
1501,39
263,27
2086,21
268,8
1251,1
227,40
1109,2
1528,19
492,36
2532,8
510,30
2343,14
1515,49
2813,6
2549,14
153,15
2230,46
1788,0
2913,17
2478,49
493,9
2616,36
1016,35
1008,38
2656,1
680,2
2630,21
873,15
902,39
699,23
2558,35
1181,27
2697,29
797,25
2336,18
1749,24
1868,21
1385,0
484,43
405,33
2966,31
1947,14
7,25
637,42
682,19
1987,18
2909,4
2409,11
1317,48
368,29
205,12
1550,4
382,43
1241,14
894,18
165,44
1240,7
1726,33
94,9
768,21
2796,36
2116,22
2325,37
640,38
2739,12
855,6
540,16
179,37
2500,9
2369,49
1232,36
123,6
1614,16
2215,47
2652,1
1416,43
505,18
2391,44
2917,48
925,6
2527,23
1981,9
1403,28
2551,21
2196,12
2687,22
1516,8
1214,46
916,2
956,19
2180,7
1996,3
2906,9
2208,11
1746,13
827,45
207,35
1606,10
2293,45
1683,18
724,29
892,36
722,33
192,13
2970,1
1215,1
1368,50
1620,8
589,46
1307,36
1411,5
1960,44
344,13
2072,12
353,19
909,29
1448,33
2138,10
1310,47
2167,48
2490,43
1686,48
103,29
1117,40
2681,44
881,41
2624,31
1319,41
2000,31
2032,36
1572,15
1753,47
2173,13
712,38
926,21
2095,3
391,6
2987,34
1314,37
2808,20
78,19
2614,50
1415,8
1390,50
1279,16
2645,9
169,17
256,37
2979,3
1111,1
2750,24
1445,32
345,36
1652,44
739,28
1858,26
2419,33
1078,24
530,9
2457,31
1774,8
732,8
2845,24
1132,38
1034,2
2124,31
921,45
1555,4
708,43
2715,9
1993,44
595,35
2002,36
1171,46
2900,9
2120,17
1255,9
212,3
136,49
2657,41
1152,49
984,5
513,7
501,17
1409,50
2216,48
2263,1
1297,4
331,17
1779,39
1977,17
773,14
742,14
1309,30
1058,10
392,44
735,26
2963,37
667,33
820,3
453,11
2972,22
623,7
1980,21
420,27
2383,25
711,50
297,20
389,46
1787,41
2374,9
63,5
2559,29
2363,21
2516,19
2935,15
1636,34
1784,26
2545,33
2283,4
1372,10
2398,20
1355,13
1004,4
339,36
983,34
688,37
2629,37
1033,0
2024,25
1313,35
2508,21
4,31
2465,22
621,39
422,38
2349,11
2908,20
1048,39
2617,10
571,45
2194,18
2853,35
2875,50
586,50
1260,18
2413,39
2414,34
955,13
2316,43
2501,6
1357,13
744,50
178,5
122,42
1569,50
2560,28
812,3
1170,38
2289,7
689,28
1602,22
2644,23
2698,14
299,45
1523,15
2276,29
2030,15
23,1
2096,44
239,24
2046,2
2953,46
1546,3
1336,46
242,23
2944,16
2148,39
365,37
1755,9
2704,24
907,23
1704,1
2975,26
661,34
371,50
2721,5
738,32
1986,18
1337,39
1110,32
1102,14
2795,2
1151,24
2259,20
1285,0
654,49
2982,33
645,38
1273,22
2066,36
16,23
734,12
2424,15
1383,35
1402,42
2773,44
2005,32
503,27
2373,14
174,40
970,43
2052,45
864,17
1645,28
1245,33
847,11
626,23
698,28
1196,15
2463,41
373,35
19,34
1724,0
795,2
240,36
1160,14
1903,10
1324,18
754,4
2727,8
2245,41
2828,38
1786,38
2623,7
1819,7
2784,9
1482,0
462,20
1912,50
1562,47
1596,7
1065,27
567,45
1790,36
2031,36
1638,32
2519,11
1015,1
65,15
1142,45
2247,32
327,8
1216,3
2121,10
1809,33
1545,38
445,21
1994,20
1130,8
287,50
1538,9
1301,17
2978,1
2291,18
1043,12
396,27
447,40
2237,0
1646,27
1006,42
1697,28
2809,18
1597,42
2177,37
2456,41
1407,43
336,3
1265,21
765,37
2387,10
1292,17
756,7
2288,26
1494,30
1503,33
1999,39
1761,9
1433,35
333,30
2550,45
2852,50
1386,8
1965,49
177,13
1820,48
1074,29
2154,43
2733,27
2512,42
1743,37
1740,22
1731,1
2890,2
1605,9
1268,3
1877,27
97,19
2548,4
515,35
2323,9
726,20
605,37
1884,19
1587,47
1738,23
1439,15
1627,15
1806,4
1400,14
1045,47
302,8
1975,21
1480,24
487,36
1900,19
443,7
2158,19
1886,33
1131,27
2637,10
2347,49
2137,9
2357,31
1237,29
2720,40
934,38
219,10
1583,29
678,0
231,22
2665,37
1622,34
1179,8
1302,43
286,2
2994,44
2432,50
85,26
2267,6
1404,28
1928,49
2060,20
787,11
870,48
1736,28
2170,42
1832,37
460,42
32,12
1690,24
1747,36
2528,34
750,46
2334,6
2791,50
1677,10
2956,10
2345,36
1488,31
1552,42
448,31
2282,20
660,37
439,44
1391,22
1203,15
1805,0
786,30
2827,35
2606,33
291,13
1700,4
436,26
289,47
31,34
1524,9
1493,16
898,46
713,50
2683,28
2669,37
1767,40
1876,32
1066,47
1826,41
1440,42
1772,7
1574,44
1259,30
1495,0
1180,25
2763,15
269,9
2256,5
1560,43
1561,21
2029,37
2650,28
2879,9
1688,41
2458,27
1687,38
632,15
2579,11
2037,39
406,15
547,34
129,18
384,25
2479,28
1956,11
158,4
988,1
2830,45
1425,13
1294,11
1934,12
1238,4
2187,14
1322,22
1914,26
259,22
1349,23
328,30
560,8
1226,40
1663,2
922,31
127,41
306,17
1036,42
2907,0
2159,27
995,25
808,2
1556,37
248,31
1529,37
1222,14
2406,34
2098,25
2354,34
1442,7
2835,18
2582,42
1727,17
1225,30
2684,14
2711,46
1172,40
2613,50
307,3
2775,22
880,24
2607,38
33,41
1705,24
1783,5
649,11
1870,1
2435,49
976,38
1691,23
2980,43
914,18
2273,18
1944,34
2954,29
1685,15
858,10
2340,2
2144,33
2227,34
130,31
340,11
1706,13
1474,31
2867,31
629,23
1291,33
1875,22
2932,36
100,9
937,39
318,34
1909,13
1882,32
1079,35
527,28
1855,28
2073,23
1829,38
1647,35
2869,32
2127,11
968,6
2536,13
2281,25
2934,37
1565,34
2854,21
257,27
2822,13
912,34
938,3
2442,16
2542,43
1060,2
647,40
799,43
1213,6
2236,4
1025,37
1590,49
927,29
792,9
441,42
2918,31
829,13
1027,3
2272,18
2183,47
1932,0
746,16
779,40
1954,6
2487,40
218,15
1254,22
671,22
1062,23
172,3
58,9
2322,26
1283,40
2847,46
901,23
2756,11
272,25
224,42
1243,16
885,2
721,42
2011,21
717,42
1927,49
1023,3
842,9
775,41
2330,34
1278,39
2495,6
1670,0
1997,10
533,30
546,48
2539,46
2436,7
2026,14
2742,12
939,28
1780,33
399,7
1380,35
358,7
2824,19
92,32
1031,34
2592,11
2358,3
2945,3
1599,32
1608,20
917,28
1825,25
2047,35
47,46
1604,28
508,44
394,17
1922,16
1394,46
1417,3
1018,33
135,32
2028,19
2762,14
3,48
2076,6
1460,7
387,12
1707,33
878,26
2843,18
1342,39
113,27
295,18
1356,24
1424,47
1668,46
951,34
670,46
1367,37
2703,50
1354,39
1983,23
648,2
576,27
1200,26
1943,47
232,4
2962,14
258,44
2689,13
1466,30
2341,27
1629,18
1709,14
2019,5
2492,21
182,16
417,3
1635,43
2802,14
86,26
60,27
1166,4
1159,29
1455,7
1567,48
2641,35
2578,5
2312,24
168,10
952,35
1042,30
494,36
1168,0
2149,1
2102,39
996,1
2725,27
435,12
2938,0
519,20
496,35
2069,40
1991,36
2304,41
2911,2
330,19
755,49
700,29
1350,20
2151,11
262,2
139,5
2009,50
2212,42
1441,9
543,38
1100,39
498,4
2070,18
609,39
520,18
997,6
2467,48
2718,42
46,6
969,23
591,45
1716,4
1594,29
815,6
1609,45
2392,47
1194,28
1758,10
2673,33
737,31
2427,34
1937,41
2100,5
2395,6
1891,2
294,32
962,43
1848,35
238,19
572,3
2179,32
1674,29
1144,42
545,28
57,23
1370,47
1719,46
2081,11
1030,30
2105,34
79,50
1086,10
1001,40
931,12
1821,28
2484,41
1046,35
2589,41
2706,34
1506,41
2948,25
375,15
2489,19
2498,44
2537,4
2816,30
342,36
1541,26
809,36
421,42
274,2
973,41
2352,19
2997,46
2199,44
1589,34
1186,13
198,43
888,43
151,11
1703,23
2930,40
963,35
2444,2
2181,28
1971,32
2324,13
2108,2
2664,49
1930,16
1334,9
2882,7
1371,34
1874,45
1643,40
1017,29
474,35
2455,6
1512,22
2743,9
1852,15
2967,17
624,48
2417,36
834,22
1461,24
2905,7
50,28
473,40
1564,13
1084,18
794,45
949,7
803,19
1073,34
260,39
41,44
2315,24
2951,48
91,28
2696,25
1426,26
181,31
961,20
1678,25
1497,13
800,38
1651,1
2777,2
2892,15
2485,17
465,14
444,19
2061,28
1547,7
551,36
585,42
1071,15
2169,10
2653,32
1982,37
244,42
769,44
652,14
507,22
1953,29
1321,31
2106,35
1234,33
2471,5
1843,7
1323,40
1469,44
2555,20
2023,18
1973,22
2947,10
2503,11
1918,22
1333,7
1708,6
760,50
1475,11
2418,10
1664,38
2719,48
1126,41
1095,2
2564,48
1968,22
114,45
467,27
68,50
1559,38
383,40
1022,31
37,14
694,16
2546,18
321,24
1190,16
761,36
2305,16
370,11
1754,49
1329,35
1976,21
1470,20
285,41
1201,19
214,29
2717,38
1866,44
1230,27
1966,48
2242,31
1499,0
1814,41
2232,44
597,10
1007,40
2460,4
483,16
1175,4
1288,31
1659,21
1094,24
1101,12
1940,42
1056,12
438,5
2871,2
1219,1
801,42
2569,23
1711,10
2376,8
1816,33
2622,44
1276,50
2163,6
615,25
2521,36
1353,13
1757,34
2615,7
2459,41
2974,41
1398,0
879,32
2714,19
2040,50
886,32
381,33
2520,35
2583,23
283,44
196,50
1165,38
2659,1
2050,47
824,9
643,1
403,34
1364,21
2648,49
376,11
2025,31
2065,42
1540,4
2475,25
2371,39
2793,10
2089,19
2893,8
228,23
1005,5
1717,39
1946,5
229,38
2713,40
2359,17
2351,37
2136,2
1775,23
1422,29
185,27
1202,36
950,33
1733,9
2790,38
856,20
2290,12
1509,33
1032,39
499,38
2446,5
1464,23
361,5
2027,29
2274,40
592,26
685,40
1183,17
1339,25
2101,0
980,3
105,30
142,42
2663,21
1804,1
936,46
2507,48
2468,8
844,40
2517,18
1406,5
2134,16
1220,2
2881,10
1064,48
