1775,42
852,29
160,47
2412,43
905,17
1684,16
1818,11
2485,38
1785,6
739,18
128,5
1854,36
2200,19
1705,15
2012,22
2507,43
1103,7
2393,27
1999,36
2310,28
403,43
1888,33
1442,30
87,3
576,45
685,26
460,33
1676,9
1034,37
1526,14
800,26
1377,1
239,31
418,17
142,22
454,9
768,44
1359,4
2074,29
228,28
168,18
344,22
1072,36
1288,48
2469,36
712,13
955,12
876,48
1859,25
1796,25
305,13
129,40
1317,43
1658,9
1172,9
1618,42
2464,50
2531,3
245,17
1509,7
247,15
1167,48
943,9
2296,36
874,28
1718,8
1156,28
162,3
1082,49
826,18
2226,16
440,43
2324,49
1823,36
220,47
1591,19
2113,19
2117,26
622,28
1194,11
1948,37
1652,46
1933,31
1123,41
904,9
824,0
1458,13
2467,12
679,47
2149,38
2387,33
2329,44
1452,31
793,2
1952,19
1122,25
2093,21
2425,46
2041,0
683,19
22,43
2101,45
684,12
847,26
2234,23
2140,17
936,9
2160,10
488,29
1407,0
897,6
1039,40
36,42
690,3
1978,7
468,9
1231,19
697,10
2453,41
1716,39
2043,8
2460,9
721,33
1586,1
2010,37
1153,11
1031,43
1609,25
2458,19
792,17
1049,33
1935,17
648,27
617,19
1687,18
2082,15
927,11
934,15
2523,1
1762,41
703,50
1561,9
1286,49
1243,22
1983,37
435,33
737,23
1841,17
1285,44
24,2
1711,47
358,31
1046,14
208,25
1846,8
1842,23
309,9
282,29
325,43
205,31
1940,11
2512,36
2050,43
1372,25
1278,23
1530,1
1766,34
1576,17
1086,1
1078,47
2121,5
1891,5
2238,14
1726,4
2075,31
7,18
1971,39
2062,41
1893,20
849,29
457,11
1337,41
296,6
652,4
2341,14
1170,36
1152,32
532,19
290,14
533,45
2332,38
2198,9
441,18
2406,5
1198,36
747,3
1911,31
2270,7
273,26
1543,9
119,28
861,20
1272,13
1647,30
580,13
1050,44
1696,0
1176,13
1707,46
1324,13
619,39
618,15
2321,12
2463,19
1831,39
1890,22
2034,21
573,26
1161,1
86,20
2532,48
356,2
1932,39
2394,18
701,20
1029,33
219,40
1961,19
1197,40
1255,33
1052,18
37,35
638,6
705,40
2263,40
940,12
141,17
513,49
2039,32
2124,14
1005,29
688,4
2385,49
2063,43
2256,15
1931,40
1214,49
143,31
1943,3
2109,49
682,3
1708,46
1116,33
1376,10
68,23
1430,3
1844,38
1916,49
2094,4
995,26
341,23
1822,29
603,3
2065,17
631,26
1757,12
581,4
869,24
161,9
207,13
1637,30
1622,2
499,31
176,14
374,6
2454,28
2067,21
1638,4
527,16
2443,2
913,19
2503,21
1118,32
1064,22
336,3
1772,47
673,12
501,7
900,30
1855,15
2281,9
108,16
2360,18
17,4
2483,44
1750,8
66,40
2338,32
644,26
756,6
122,3
1405,13
1269,19
657,20
924,36
2352,2
825,50
1470,49
58,6
1003,11
1459,42
1280,32
1748,2
1182,41
67,28
2169,31
2202,29
2191,34
1346,19
556,40
1437,7
1128,15
2336,39
1963,40
1900,47
2242,1
2450,23
329,47
1538,29
981,43
2111,39
1101,17
2455,1
99,13
2306,30
547,22
2437,28
1532,9
887,13
406,49
1013,42
1204,5
2527,5
1837,17
992,2
277,3
1303,38
1792,33
2186,15
2152,18
1357,34
1533,18
261,47
1291,47
843,22
2396,14
1016,25
1144,1
1248,23
2164,30
1403,15
1477,6
465,38
281,18
471,5
466,5
819,50
1601,4
1368,32
1432,28
2090,37
1159,40
1942,28
671,26
2189,13
2028,25
95,28
2098,13
2540,1
1937,39
1659,44
1894,7
2215,39
1793,25
56,44
716,19
2384,13
2495,35
2271,39
2524,35
459,8
1945,9
2311,44
855,5
2295,32
223,40
2400,49
1157,29
2107,16
1479,35
529,21
1066,39
2383,3
1189,35
2493,5
1304,26
426,9
899,34
1989,30
2042,34
193,48
1234,50
171,19
1886,15
1702,23
2049,5
1984,35
1506,46
1778,38
2073,16
1536,1
47,16
700,11
2129,13
762,38
2195,17
2016,8
2273,25
749,41
2307,20
80,3
2486,23
278,45
3,1
640,12
1386,37
2343,23
1007,17
2089,50
2554,37
2272,46
1032,28
2497,15
72,37
1018,30
2197,41
2134,12
2148,22
504,38
1706,25
628,39
2407,28
1125,12
2350,47
1321,8
1102,23
1107,23
1636,41
97,44
1675,5
334,44
1568,11
2462,17
1329,33
656,36
289,10
350,10
251,9
291,48
2505,26
2431,46
950,46
779,18
1212,36
192,14
1267,48
1309,39
2211,32
1807,5
2162,10
1247,9
1492,42
894,13
438,2
348,16
2526,7
915,9
677,24
2219,25
630,42
1342,33
2477,50
2029,2
1252,34
2230,31
487,0
1200,3
845,21
2356,48
841,10
2220,19
2541,24
797,32
1071,38
1599,11
1694,19
2482,35
1950,3
1320,30
2552,33
2459,49
505,31
2145,12
352,38
293,45
27,37
1090,1
2442,23
2123,11
1949,19
704,8
1979,20
1425,0
2300,23
2280,22
1721,15
2182,42
254,10
1218,2
2216,11
974,6
2011,43
1913,26
1873,11
1504,32
1089,23
1388,11
928,35
1581,20
734,5
1381,24
2249,0
2550,37
535,36
2158,0
591,37
1960,35
890,16
2501,20
2461,16
1059,14
574,6
568,30
215,41
1275,19
250,8
2335,39
2157,36
2499,36
2221,15
537,8
1981,37
2398,14
1314,34
803,34
1739,28
548,27
1715,49
1789,34
1183,30
2349,9
169,27
1420,37
988,38
1079,19
2465,20
1224,35
1409,18
966,17
2511,0
120,17
284,40
562,38
1112,27
2188,2
2542,40
2161,35
2481,7
1338,31
1345,33
2539,33
948,3
1258,38
2404,34
1467,20
933,12
28,37
2518,14
984,43
61,38
1646,13
599,4
1406,26
2154,33
422,2
1719,34
2174,6
612,21
1690,10
333,17
2479,26
2051,9
1045,13
1798,50
546,43
19,49
226,46
1788,26
1241,48
62,50
121,43
2125,19
1502,25
1238,39
116,18
723,32
916,30
1746,6
1587,4
2135,29
738,44
1110,29
1628,24
1565,30
2027,42
1629,46
1875,21
587,21
614,17
461,15
714,0
635,20
1848,15
2078,23
265,13
1448,48
1761,9
1681,37
2153,45
380,37
448,46
1441,3
2246,7
1968,16
275,13
421,21
1733,32
1580,17
946,21
2173,24
717,45
2426,46
2283,17
409,46
2274,13
2106,19
1077,45
170,9
1263,33
1559,17
1057,31
451,5
33,5
592,29
280,0
2519,9
1001,36
1074,29
1621,1
2085,35
2308,25
1955,29
1318,3
1038,41
1881,15
34,18
1096,47
1192,23
260,35
2546,48
613,15
930,50
113,21
1108,12
1771,7
952,27
2378,47
2194,44
199,39
947,15
1060,0
1534,49
1584,40
770,27
1763,14
2112,6
1612,36
362,28
1419,7
2255,46
259,40
937,33
31,23
463,11
2395,7
153,40
393,39
889,16
279,24
2007,25
2120,16
1939,6
1743,36
1693,50
2196,11
2103,47
256,46
2178,6
530,22
1322,16
1203,10
2264,16
1529,2
553,32
38,13
831,37
145,12
965,30
2319,44
1996,32
1163,23
990,17
1434,42
1055,17
229,48
720,3
182,19
190,22
859,21
765,28
2445,14
1341,29
1737,45
157,31
539,10
2403,35
725,1
140,14
297,37
1,45
2299,9
1655,49
997,29
2218,26
49,12
1295,47
2342,23
2538,30
436,24
10,26
268,2
708,4
2201,40
643,39
790,33
298,27
1810,32
2434,0
2240,49
2083,47
318,24
1447,14
1199,0
561,13
1847,6
1998,18
41,40
1196,10
83,3
2199,15
650,14
1076,34
959,45
360,29
1222,14
1765,37
2156,35
2141,27
605,45
1787,22
1047,21
1380,42
391,31
1541,50
836,2
2535,46
489,42
1964,33
1028,0
2252,36
2287,10
364,25
1135,37
1627,49
871,2
98,19
1004,22
1680,16
903,19
8,16
2475,6
375,37
806,1
945,17
2167,24
85,8
1299,37
1671,8
2183,4
791,12
2322,40
554,24
77,25
811,41
202,46
1725,1
1619,24
2037,7
2452,16
12,5
1306,10
1410,23
2168,4
1544,35
2487,2
1339,31
1745,41
1384,31
2314,39
1507,50
1210,38
2185,45
1632,14
1817,23
1668,29
78,47
722,25
1394,44
1131,46
1169,45
1560,19
2177,29
1360,9
246,19
1400,35
139,28
598,35
991,39
346,25
773,34
2490,47
1205,28
312,44
1421,42
1770,2
651,39
1821,23
921,50
745,21
173,19
2419,16
2277,47
951,40
1390,5
15,13
1424,27
629,37
834,45
158,26
1358,36
404,23
1741,31
198,0
2,27
1453,28
1864,38
321,42
2292,14
1147,0
2030,44
2019,44
1019,25
1907,21
485,14
60,13
1235,36
858,18
368,43
1508,36
1266,49
1332,40
2525,38
2301,37
975,14
1804,4
2401,0
647,23
1709,25
1495,40
641,26
941,10
2380,30
1944,24
1115,24
1503,48
1776,31
1768,4
439,29
2422,25
2370,11
16,2
2340,33
159,11
2549,36
2375,28
1025,1
267,29
242,12
522,5
1190,27
1181,36
2015,49
469,45
186,43
2222,30
2251,41
2318,4
1749,0
300,33
248,45
2288,34
264,12
1826,0
274,16
18,23
2055,18
850,19
196,44
236,26
879,11
812,36
1936,25
784,47
1350,5
524,48
2279,20
978,36
848,15
484,34
2006,26
2210,8
1174,44
976,4
2214,25
1374,41
713,34
1065,9
767,15
2032,1
1373,3
1549,45
496,43
2131,6
1615,34
1809,27
2248,23
2192,17
1764,3
1898,10
419,2
626,27
733,4
1552,24
1271,15
837,18
1401,32
1884,30
2115,27
1701,1
90,10
1293,19
1556,11
177,18
2414,24
1755,38
89,31
1540,25
263,22
1486,12
569,35
1353,3
860,36
2119,22
2002,47
814,37
2155,13
483,31
1938,46
1914,28
1815,4
42,41
1106,3
377,38
339,48
967,15
1784,41
585,41
1475,43
2418,6
114,3
1879,25
1797,16
2139,24
388,49
188,46
1577,32
2108,21
1014,9
1683,46
340,38
2005,9
1366,6
1236,5
1800,1
960,25
428,25
1548,0
2266,26
0,47
2545,13
1281,14
1573,8
2543,27
2430,48
525,39
1054,4
382,8
774,1
373,5
1138,18
771,49
1672,14
730,37
987,40
1474,20
276,9
13,10
1871,31
1178,25
777,35
1829,42
1426,16
895,32
1326,14
810,5
2116,10
1808,50
907,1
862,40
1363,0
2508,16
828,32
2478,18
110,23
1954,33
1633,39
258,12
1657,38
29,41
1756,31
1362,38
2151,43
1803,40
1297,37
310,4
434,5
1531,39
698,20
1443,49
672,44
1598,22
1678,50
911,34
878,42
607,49
102,8
1015,24
1489,13
1276,38
961,18
1436,31
2309,3
2207,24
1679,43
420,40
385,38
425,44
1934,32
1850,20
2061,6
240,27
715,17
805,14
844,1
2382,2
2410,34
1068,11
728,39
1767,41
2417,2
1378,12
1397,6
1795,21
2017,17
2223,29
886,20
2436,41
686,31
609,25
2323,26
2325,31
320,48
2376,24
1498,46
1364,46
295,14
1283,42
520,26
2513,8
953,45
1126,4
719,3
881,43
1264,22
2411,29
71,5
1880,34
1450,30
578,32
582,42
1227,31
2001,50
112,39
2369,36
577,10
1713,18
125,36
1484,5
2257,35
681,42
1030,23
1036,30
1710,5
1399,50
1906,27
416,42
2355,36
1866,18
287,17
322,15
1553,49
118,18
1237,40
402,47
2208,10
2405,11
1482,3
550,5
269,24
2237,23
452,42
1246,45
21,29
888,21
636,6
864,21
1446,46
73,3
570,34
74,47
1392,44
1686,5
1168,6
516,7
687,46
1669,23
2548,21
2372,34
817,28
1133,48
1724,38
2040,50
2415,19
2057,37
549,40
956,45
131,37
2080,7
1777,47
2529,31
1720,7
470,41
1284,30
942,24
1035,41
1511,32
2551,14
1361,48
1645,42
802,40
1069,14
187,5
2045,20
1438,10
2427,33
149,49
1966,7
271,9
666,44
2315,13
2253,29
2391,34
367,0
163,19
2088,37
595,28
1520,18
2320,42
1535,34
175,48
1211,50
1513,36
201,10
332,1
64,7
401,48
1563,16
1325,34
639,21
91,50
775,43
1179,48
2358,2
1083,32
1578,1
2446,10
655,2
1732,20
1006,32
2052,50
1422,11
1023,13
1124,43
1008,49
575,0
2036,15
969,2
695,18
2133,25
225,22
429,30
1635,27
1697,27
2377,4
1905,19
1207,13
1876,8
1729,30
109,44
2339,20
1856,38
563,48
1779,32
1662,5
1274,13
1608,29
1113,50
2371,1
337,7
283,15
2466,7
2533,0
1087,8
1722,42
2132,12
311,43
1460,8
929,42
500,34
778,38
1569,35
908,22
1648,45
2330,43
1180,37
711,46
2388,2
2363,34
1171,33
423,39
234,39
1257,4
2046,38
1340,23
482,50
1478,44
1731,12
1644,34
2110,15
2473,27
1863,8
313,27
241,38
1225,10
1832,0
2013,0
1874,36
1260,11
328,23
1567,27
1583,31
518,32
1816,48
1279,0
1119,7
1081,50
57,6
1519,39
444,10
1630,48
1969,32
1454,41
1607,20
2488,17
1268,22
588,50
2233,48
962,13
2510,19
237,35
184,7
1067,49
985,4
1616,36
210,29
1488,16
706,16
1922,14
23,12
2071,45
1639,36
512,41
912,20
1439,28
2114,19
2416,17
144,22
1827,43
6,38
2389,37
480,1
174,39
1830,43
2008,7
2293,12
244,33
299,43
1002,46
88,20
417,2
1091,14
2528,47
1951,4
2136,33
1393,21
2026,40
315,33
1814,41
2334,42
566,18
1813,12
1547,47
1145,16
453,44
1466,9
558,31
1114,1
1670,45
1970,24
1349,44
996,28
654,42
2165,42
1980,20
1327,1
1895,33
526,32
2348,26
833,38
1602,5
2229,17
2440,22
710,34
494,8
567,44
1660,28
999,22
492,10
1219,9
2265,33
2444,32
935,26
481,13
663,28
1408,22
1313,42
2502,33
2267,50
2097,5
1440,19
1256,32
52,14
498,18
2175,39
1730,33
353,39
1642,20
1525,1
670,45
616,19
1747,11
357,35
1213,32
2181,14
746,30
1947,48
1663,3
2241,19
1387,29
1061,36
863,16
1865,43
2254,38
1843,5
511,3
2127,5
1155,47
1555,48
676,36
152,50
2102,37
761,5
1463,7
2118,30
1860,50
1987,6
1812,8
1428,4
1698,9
528,26
2520,19
2544,12
111,18
2269,10
1613,32
314,31
2333,36
920,20
442,17
288,46
750,46
2193,36
2517,49
741,7
1413,33
2225,45
1754,35
1221,16
209,25
2245,8
1516,1
366,45
2353,24
2235,39
503,42
589,47
1230,10
1383,4
32,31
1296,26
1923,43
796,12
830,30
1481,10
2424,41
2451,50
1593,13
35,14
1412,26
694,37
475,35
1251,36
432,13
964,25
1673,14
180,0
2259,11
354,29
1132,15
637,28
1451,28
1433,27
2258,12
1640,42
594,21
2068,11
2095,49
1092,50
776,47
1501,10
308,8
212,0
689,44
55,26
1505,39
222,15
414,18
1557,26
1623,16
2205,3
147,30
1417,28
1449,30
1558,30
92,8
2209,42
544,27
343,25
1717,32
2079,11
2316,44
2304,14
103,40
1070,45
1653,41
808,49
649,5
172,8
823,25
2021,30
2056,25
1356,28
2176,50
2313,22
2180,9
949,27
2515,38
1040,41
667,37
1988,30
1160,47
751,40
1928,50
1391,11
2250,8
331,48
596,22
1073,31
2534,32
93,3
272,11
552,46
446,26
1742,15
2159,13
1262,8
1011,8
2217,29
632,2
307,27
1217,6
2053,37
1661,13
413,35
1491,7
2137,22
2354,30
1261,15
1084,28
1654,43
1780,26
1402,16
2408,46
156,43
361,20
508,30
1917,46
2227,38
660,5
2092,16
1382,50
1141,45
1026,8
2031,50
1514,37
400,35
127,2
214,26
1527,37
902,32
2399,2
363,20
195,42
1528,3
1862,2
412,29
1121,6
1958,8
1967,34
2456,21
534,3
1962,19
1308,29
1240,35
1027,31
1041,30
918,31
798,24
249,38
349,0
954,41
2326,21
1100,23
2138,1
369,29
303,50
1333,28
939,13
1312,11
1835,8
1316,45
51,48
1904,20
816,42
982,6
1882,44
2368,26
1518,20
2231,13
1877,45
53,38
1582,31
476,35
2047,7
1385,20
557,17
1870,48
743,35
1193,23
370,31
2297,48
873,23
2448,26
1991,32
602,2
1270,22
787,44
1017,6
79,22
1024,28
2023,27
1992,7
896,4
1975,10
2203,33
1485,50
2291,9
257,36
1117,46
1665,28
1253,40
783,14
2381,34
1311,35
1545,26
2289,11
338,11
1233,40
1331,25
1537,23
1512,29
678,2
1164,4
2312,6
1953,24
623,15
1290,28
1834,27
2374,49
507,23
857,33
944,44
2077,38
2386,6
866,6
910,24
2530,41
2457,30
606,35
379,39
597,7
832,23
1462,24
1868,48
1510,23
882,4
2024,7
801,35
1994,34
2364,8
735,47
854,15
665,30
662,44
372,13
1736,13
2122,44
1758,17
1839,7
2365,24
1596,13
123,31
2468,36
270,7
1604,26
317,48
1063,25
294,33
835,13
1974,1
980,44
449,38
1048,15
408,14
1566,31
43,47
957,18
1572,6
780,7
891,22
1352,19
827,22
2402,24
1490,3
2470,9
1277,21
1791,19
1418,16
2447,17
2305,18
2472,40
450,44
926,18
807,18
2428,20
1375,19
2423,5
2537,25
2228,34
1973,7
495,18
565,27
286,20
2522,7
769,14
1177,9
1811,17
1828,4
1836,41
164,24
1677,38
2328,45
541,35
1009,4
1500,14
235,5
1476,34
2409,21
1139,39
1188,48
822,41
590,47
1515,46
2361,1
345,50
1597,24
326,30
840,33
1444,1
233,12
2048,6
306,14
1250,24
1840,10
601,45
1305,2
742,11
875,6
1728,37
194,0
727,8
292,20
625,21
189,24
2492,22
868,33
135,43
1689,49
1915,45
1562,27
107,2
1175,43
922,49
1700,27
1912,40
2025,15
1431,41
39,33
2243,30
1977,3
1990,29
2224,42
238,49
1416,28
2290,21
610,48
1457,19
387,28
1127,0
410,44
1098,32
376,27
359,8
1120,36
669,21
2344,0
1044,11
653,31
1574,7
1617,47
84,49
763,20
1146,38
795,22
1603,10
658,1
1468,5
1389,8
1517,48
2014,21
1496,28
2294,32
1773,11
1723,34
1395,31
132,50
1379,13
155,23
54,24
2302,12
44,45
758,11
1220,4
48,14
1043,48
1883,33
1703,32
1838,47
2345,20
646,35
218,24
1259,11
1570,42
1564,8
1924,29
2020,6
1759,44
2489,18
709,0
1343,2
885,6
829,18
1688,3
1355,25
82,48
105,35
1982,35
2143,47
659,22
748,49
65,45
319,10
1825,20
2471,43
884,42
1273,46
692,24
94,42
2099,19
2018,5
1095,47
130,6
782,39
1020,16
744,16
799,20
2278,49
2347,41
146,17
600,4
230,37
1651,13
2362,16
668,49
729,8
702,12
1790,22
1781,34
447,3
752,45
371,22
1802,7
1445,33
560,16
1371,2
1867,25
427,0
2476,25
1370,2
1021,8
150,14
1740,46
986,26
2239,34
1414,37
572,30
856,12
1469,34
788,43
455,15
395,47
718,21
415,20
1367,0
1976,24
514,10
1186,11
221,27
731,45
1666,18
540,50
2509,45
63,8
1282,7
994,44
1010,36
1656,38
301,45
1464,31
1649,16
1162,42
1542,1
1149,0
2096,32
766,17
1691,40
2184,41
2484,18
1404,43
865,20
2150,15
2379,12
615,5
842,49
443,7
2064,17
179,43
1610,1
104,17
1232,26
2072,21
1986,2
870,34
1154,2
1595,9
69,32
394,26
1148,32
1471,2
2172,38
1022,34
378,30
1744,30
1997,11
1782,41
1588,28
126,36
1801,44
1307,3
2147,1
405,24
515,16
1093,38
2171,15
1415,33
1805,49
101,15
185,20
2500,15
1650,15
1499,2
1423,5
81,49
579,3
1292,31
462,12
1111,49
2262,46
424,17
165,45
972,48
473,8
923,43
304,46
839,34
2435,22
204,8
478,47
971,6
1085,39
506,25
2060,34
1611,39
2553,14
1585,23
1878,48
2000,37
1957,21
1858,22
1465,19
2331,32
4,21
1634,36
1129,32
1056,27
2397,44
1714,9
1140,44
456,18
477,50
1664,2
919,41
1319,24
1000,41
1959,10
509,3
1892,28
963,16
1033,47
479,0
2441,34
472,10
1550,0
555,1
760,28
181,35
1012,39
979,11
1735,4
1521,30
759,25
932,35
1094,4
178,5
2275,42
1315,12
764,18
608,30
521,22
183,6
977,28
399,6
1201,46
661,42
1191,27
324,33
133,6
2298,26
396,14
355,46
586,23
726,29
2420,36
2128,10
517,5
1202,35
1150,16
76,47
1592,42
1104,2
493,15
1626,7
732,22
1209,26
1165,42
1903,25
1472,34
1833,4
136,8
519,12
584,12
383,34
707,35
538,22
877,9
2126,46
1053,29
753,6
645,13
491,12
1435,39
898,50
2104,12
1461,41
2033,42
2506,8
1972,41
1704,10
2070,47
2035,48
445,38
851,12
757,49
2521,0
1396,44
2359,11
846,30
1674,21
1335,27
1794,16
1215,6
2367,38
1727,30
1641,48
883,48
1546,20
1897,16
634,37
386,29
252,47
693,14
2303,16
1208,29
2091,48
1265,12
1927,17
302,7
2494,39
2236,10
2038,27
1137,46
2357,27
433,36
675,35
680,36
2346,29
1571,17
1551,38
46,44
397,24
564,44
1872,9
958,3
316,14
604,44
96,4
593,19
736,21
25,16
2087,27
2373,10
1142,25
755,21
559,12
1051,14
497,27
2438,47
1105,48
2146,15
2212,0
2247,12
571,33
867,40
2130,1
2536,48
407,21
1330,27
30,43
2498,13
789,43
411,3
151,29
227,21
26,13
2100,16
2054,37
1734,12
335,47
1752,27
115,27
620,11
1929,0
785,4
938,32
523,6
2366,38
1620,15
1398,2
1889,22
627,49
1902,43
1254,24
2069,7
1921,20
2204,22
266,37
1786,40
392,33
542,46
9,41
2268,20
989,20
2516,4
2286,41
1062,46
20,10
699,10
2433,4
384,9
880,29
2084,7
50,31
510,50
1769,50
1799,11
1738,25
1300,8
2276,29
2260,48
1956,11
14,0
1301,21
1554,8
2190,22
1429,39
342,21
203,35
1455,42
1692,30
583,15
1289,27
1753,30
166,24
216,17
821,49
490,0
2059,1
2003,0
1523,46
285,40
1819,34
2390,17
217,34
917,8
1857,37
262,40
70,35
1042,40
398,4
1229,27
1195,31
1037,22
347,0
2282,16
1751,14
813,39
2144,2
674,30
1239,34
691,36
901,3
1228,28
1336,48
255,30
351,45
1590,2
2327,8
1965,1
40,45
1483,18
138,18
2163,24
1930,24
1909,50
1216,28
1760,22
2058,46
1925,41
1579,47
993,20
804,37
1614,4
2429,7
1347,15
1173,40
1685,45
1166,23
1901,42
818,40
1918,43
253,7
2317,9
2166,27
724,35
970,49
772,40
2449,17
1845,9
2170,0
1695,40
1302,41
2066,10
2179,42
1887,2
2421,20
1151,18
1861,21
1993,24
2022,45
11,28
696,27
545,9
1487,35
45,11
1328,26
2432,6
1351,22
611,21
531,31
2284,19
1244,42
381,25
231,37
211,9
2392,27
1849,32
1158,34
1369,29
197,47
124,26
1852,46
1294,24
1058,14
2504,12
1136,4
2142,46
1851,16
467,0
243,41
2547,42
786,37
820,0
1223,39
106,21
1097,3
2232,50
1134,50
1899,8
1995,22
330,5
1287,44
1946,50
968,42
914,50
2439,1
2285,12
2081,29
1427,20
1594,20
2105,1
1869,35
2076,26
1130,18
1493,45
2004,25
892,26
232,3
1298,47
2086,28
1667,40
998,31
2491,1
154,44
1624,41
148,38
1344,6
983,6
502,48
1712,10
1187,17
59,45
2514,21
464,15
1926,24
1348,41
5,46
633,33
754,34
1885,18
486,21
551,38
1075,39
543,21
1896,32
100,10
1820,28
1080,33
1941,33
213,47
1631,24
1824,23
1242,37
323,4
1088,49
2480,1
2261,11
200,20
389,39
1354,6
327,29
1323,39
2337,1
431,1
224,26
1206,0
1480,45
430,23
1411,15
1524,32
621,5
167,16
794,7
1643,35
1853,23
853,44
536,1
1806,4
781,43
390,11
872,36
1682,18
2213,45
1226,43
437,13
1143,43
664,43
642,27
1539,4
906,32
973,33
925,29
1494,23
1184,4
1625,19
2413,40
624,40
2351,3
1910,21
1109,41
1310,33
893,45
1600,7
1497,9
1605,10
1522,41
1919,43
1473,50
809,28
75,5
474,31
1365,49
1920,7
2474,31
2206,11
838,12
1456,2
1908,24
1606,35
458,49
815,25
1699,26
2044,30
134,4
1245,10
740,3
137,15
1099,3
1985,29
2187,39
2244,11
1249,2
1185,17
931,46
365,23
206,12
117,43
909,12
2009,16
1589,7
1783,17
2496,22
1774,39
191,32
1334,10
1575,5
