590,1
994,44
654,25
1833,14
1326,24
250,39
1873,13
74,13
1917,28
904,32
163,1
874,38
533,30
1365,12
1882,32
194,22
973,17
722,47
1386,37
158,29
198,0
1483,41
1823,19
290,44
1764,1
860,29
1744,0
388,35
758,8
596,3
1331,25
1024,41
1806,9
197,34
1985,39
1475,16
271,30
1542,16
5,27
1581,14
408,21
1953,44
97,29
485,29
1242,43
1457,9
1805,34
1908,22
1126,28
1431,40
1236,47
755,19
1010,12
828,18
1834,18
1687,41
1788,8
331,25
709,17
1047,4
1918,16
1210,45
1758,39
1276,15
1448,50
1732,1
604,5
1690,41
809,17
1599,28
28,42
267,38
1844,6
890,10
1174,18
1621,28
1405,24
844,28
570,28
1958,41
832,6
1463,30
928,7
1824,27
1584,10
1529,29
630,24
1905,4
1456,39
635,8
793,22
333,3
798,6
951,34
1515,20
141,18
1155,30
1243,2
120,35
554,0
971,46
1735,49
491,43
435,3
1779,29
137,30
925,30
7,2
1539,9
1033,15
1893,29
787,19
1800,7
489,33
1754,0
773,42
1725,40
1266,16
1919,28
230,46
1802,5
465,42
917,22
1794,2
1030,0
734,36
560,48
742,34
613,46
95,32
138,42
659,1
1624,48
740,37
426,50
1726,47
1072,46
799,16
1420,41
1062,11
125,1
1350,2
483,10
1472,40
730,5
991,0
400,22
1170,45
645,21
1185,45
1528,30
475,23
1721,10
374,44
1550,31
93,13
196,6
1523,49
269,25
202,8
1986,19
846,20
1369,21
1712,32
289,20
1611,29
1259,22
1747,49
326,43
1344,49
98,29
1356,3
386,1
462,46
1315,30
366,10
1638,33
789,37
1337,34
670,6
818,7
248,12
1556,4
82,5
43,24
241,37
1235,10
107,49
1284,50
686,45
1506,38
968,36
1633,11
1572,23
1748,18
1287,11
1713,36
1414,31
1860,24
911,5
164,6
679,46
1244,14
1870,6
145,2
1488,3
854,46
1762,38
1659,27
1485,50
37,12
1230,33
1749,23
1938,13
9,15
1678,20
1142,29
658,17
508,11
1008,22
1761,10
949,14
390,9
1886,49
371,17
571,5
306,24
399,32
314,45
1499,32
1162,42
155,45
593,1
1324,47
845,9
698,13
694,29
1512,33
1858,30
1219,1
1111,27
1385,15
1157,50
1521,23
1493,41
189,20
473,6
1449,3
1925,31
329,31
423,32
816,17
142,13
1413,46
632,44
378,43
1258,4
1699,48
201,4
608,33
1786,17
523,23
986,8
1871,14
297,33
922,44
1627,50
334,27
546,27
1957,50
1681,9
1785,42
618,50
1895,2
1693,30
1880,18
567,28
1892,34
760,41
1520,32
134,46
894,44
1418,18
1924,11
1296,29
1098,25
129,30
1613,32
1280,1
830,19
1781,19
307,22
936,27
1003,35
838,46
1205,20
988,16
566,36
1130,41
612,13
1411,3
24,5
1691,38
1643,49
447,36
429,3
323,44
327,11
259,35
978,4
1553,37
1756,32
1954,8
1406,35
51,11
739,47
287,4
614,39
118,44
204,17
1393,31
484,11
176,11
1343,6
23,39
1095,41
577,27
980,33
696,22
942,24
563,10
650,8
933,27
1115,39
1592,4
1767,29
80,26
693,16
701,41
349,26
623,23
958,39
1446,17
1851,28
170,32
955,5
1500,31
1373,37
1646,32
235,16
450,45
1763,21
1884,21
260,23
1132,16
1902,5
519,37
274,21
574,40
165,36
1086,26
576,10
1965,30
876,6
1866,4
111,24
48,3
909,13
1156,31
478,33
929,44
296,45
812,12
1737,3
428,34
731,10
147,30
63,16
1653,30
393,37
1676,44
1639,47
786,12
791,42
1293,32
1549,5
1937,7
1029,8
1776,4
1673,34
1152,30
735,46
1591,39
1734,24
91,17
458,16
549,7
15,25
1245,46
541,43
1447,14
507,6
392,8
1769,46
1887,29
511,40
747,19
1649,10
1973,49
405,10
767,18
790,13
1147,1
1131,19
116,34
1757,43
522,8
1203,23
1671,11
524,11
1164,4
1718,19
1835,2
1818,6
351,21
1874,14
409,7
1461,17
868,7
984,46
797,47
1595,37
1589,36
1194,45
1739,37
1121,50
1967,20
1900,39
1419,13
1974,40
1469,29
211,2
821,13
1292,37
814,6
1304,47
443,48
551,19
425,12
87,48
438,36
1474,35
1746,46
1053,7
1991,6
1066,29
1619,11
1309,4
1247,34
172,7
464,44
1476,14
1578,35
768,27
1602,11
771,6
460,13
935,41
249,30
1692,2
1941,12
469,46
1400,43
1538,8
4,36
1943,32
1421,26
1207,35
1191,27
1341,42
1843,40
1084,46
1250,8
1165,11
1674,8
754,14
1392,40
1325,26
1382,9
603,21
579,18
130,20
1398,12
242,22
226,28
1531,35
1135,25
53,5
837,7
1470,32
691,36
1850,1
1112,12
69,49
335,15
715,2
1667,48
1028,47
151,1
1011,3
159,47
824,4
1006,2
1949,44
877,34
1226,19
1322,17
214,23
1836,31
689,38
1577,12
880,39
1422,37
588,44
972,9
344,26
897,8
1922,35
499,45
496,1
391,25
976,45
1105,8
1856,26
517,29
545,2
240,14
1950,20
173,42
1677,4
1169,22
1791,26
543,43
1255,28
1497,28
540,27
977,3
653,37
1022,33
77,37
119,49
1695,40
1930,41
1233,35
859,21
1125,10
1426,1
592,24
1429,16
1489,49
1630,47
1766,48
1498,44
1039,23
1209,9
30,3
581,33
1241,24
1048,38
934,27
1709,20
1626,14
777,19
209,47
191,24
939,7
25,45
1090,33
586,9
785,37
1540,0
459,37
1604,36
667,39
1909,18
338,15
1990,43
1618,38
1409,39
704,23
1770,35
360,7
34,18
1,30
552,11
532,2
1460,31
1329,1
842,8
802,49
1289,2
1171,11
382,28
1083,7
867,3
572,21
589,41
1879,40
531,15
1345,23
1454,0
1361,28
403,48
1502,25
1580,15
703,33
1128,31
1736,11
1218,26
682,45
421,18
1830,29
1605,45
432,40
919,31
336,3
855,31
179,33
1330,32
1750,48
1501,42
995,0
779,12
1861,2
815,3
1707,4
474,9
763,12
783,31
1864,6
1533,43
1700,22
365,33
359,11
440,23
261,44
1792,37
695,25
529,47
807,1
57,25
634,30
1783,1
471,34
527,23
8,45
1780,47
725,39
685,2
1133,5
212,25
885,50
862,13
1683,42
997,5
85,46
1036,21
1847,21
1773,27
1122,3
600,13
808,38
113,47
17,14
12,14
1065,43
31,36
873,1
1384,21
1374,47
1301,12
749,32
149,27
915,28
60,17
1722,50
1524,22
883,26
298,45
1423,30
488,15
1305,8
1253,43
167,20
317,7
1706,14
509,27
1262,21
1358,28
1811,26
1896,47
255,9
1222,23
647,7
1797,3
433,37
1004,40
888,38
1428,16
1600,18
1814,46
1927,28
21,50
1999,22
569,10
1380,48
52,16
1444,22
700,17
161,9
281,47
852,44
1730,37
858,44
1417,45
1808,43
1177,0
439,46
1631,17
1347,50
218,35
1318,47
801,37
1583,20
72,31
1914,30
521,16
680,39
1606,44
1138,40
1998,15
1050,16
1625,25
1328,50
1819,22
1935,19
448,18
1007,15
89,6
1558,24
907,27
1465,28
1543,15
27,6
690,21
1068,15
61,47
1180,3
892,15
1727,2
258,47
376,1
1075,31
841,32
1981,15
445,40
1946,18
558,13
185,42
322,26
1317,39
1877,43
319,35
1319,0
321,41
775,4
548,17
1119,6
1904,20
410,42
1116,19
1717,21
1451,14
1093,35
251,42
753,43
263,15
1522,25
247,49
1471,33
1424,16
1151,17
11,33
50,22
766,8
631,20
900,37
146,48
510,41
424,32
246,9
1551,13
234,35
1107,31
364,31
102,13
544,25
926,5
1682,50
1541,32
446,14
1966,17
401,44
1172,21
67,30
1940,10
1106,28
26,35
1987,26
657,42
1234,17
1579,11
891,21
486,34
918,13
959,3
1771,18
822,50
752,12
1057,42
723,38
1223,2
411,26
684,20
231,42
430,19
920,46
367,38
975,18
419,0
1031,25
1686,29
1196,2
268,20
621,50
1989,18
1567,40
781,29
573,3
1545,7
229,39
782,32
606,26
1684,34
1903,45
1186,38
575,26
1849,20
1969,46
944,32
402,34
239,12
594,28
1051,0
470,26
1530,24
325,12
1189,8
706,4
605,11
1842,40
153,38
115,48
996,26
1248,4
1021,41
1092,21
498,36
542,32
1342,28
1666,41
617,13
1782,0
1433,49
772,0
1587,47
1027,6
346,14
1150,0
622,10
257,30
1857,13
578,0
770,31
1772,33
1840,0
1200,49
200,32
1745,42
642,44
1067,38
748,1
441,22
1434,49
288,35
427,43
1812,48
1101,5
1018,1
1466,44
1899,19
1140,0
0,42
431,41
1657,27
1217,14
1645,47
981,7
1025,17
1037,4
456,8
745,35
627,49
1351,37
493,1
1610,17
1153,45
848,35
1237,33
1134,36
1942,0
826,34
1804,39
1544,21
1872,2
989,19
1412,15
738,16
840,26
295,36
1936,25
1536,14
835,27
1852,14
762,16
337,31
1945,40
1665,43
1313,4
192,44
139,19
1859,36
1113,9
1557,22
1401,49
10,14
1511,27
728,45
1316,20
1377,44
713,43
1270,22
178,0
1314,16
361,1
1367,48
1978,31
556,16
144,18
861,21
1091,37
1526,24
555,23
930,41
1437,0
663,30
534,8
999,33
1432,50
180,1
662,17
945,12
348,14
398,4
36,22
626,8
265,41
648,23
1508,24
1442,48
940,15
1947,42
668,4
1023,20
1415,12
221,19
341,16
1184,12
1464,46
1694,27
756,5
121,20
718,3
1984,42
505,11
619,18
223,45
881,48
1034,27
181,49
397,50
1635,24
878,47
732,18
1158,1
1777,14
1100,9
869,14
1637,14
1190,35
1826,1
757,29
310,38
330,4
1715,44
1569,31
1370,47
1846,14
947,13
831,31
1995,31
609,27
649,21
253,43
687,48
943,32
1251,21
967,37
1436,49
500,37
1596,19
1290,43
233,34
1308,34
300,16
1015,6
1952,13
1088,23
1696,5
1049,13
304,22
1294,18
1176,44
29,27
1216,28
280,45
937,13
1939,49
889,31
171,12
1354,33
866,1
998,39
705,0
1252,38
451,5
1278,5
108,42
916,38
1302,18
520,26
1655,10
216,22
396,8
1982,7
1332,36
1975,15
660,42
482,19
504,10
2,9
712,32
1149,9
1878,33
1983,29
1926,35
636,37
908,4
535,6
1063,5
1239,5
759,9
1768,31
45,36
1612,17
1481,2
887,21
1273,47
564,2
332,12
140,23
1175,43
278,41
729,48
1504,46
1801,13
1256,39
437,41
962,10
538,27
1820,15
1622,11
1310,21
1141,5
177,18
58,41
83,36
1923,0
1268,50
983,41
1299,24
313,2
1073,50
1827,26
651,7
1487,12
1845,6
1865,34
136,42
1220,35
219,40
354,24
863,12
123,34
992,23
375,26
750,33
665,40
1227,0
103,23
1688,16
117,38
228,39
133,28
1962,39
1629,9
1817,19
490,50
1977,25
387,31
1320,11
1831,7
1462,32
674,22
276,13
1071,23
1311,25
1601,5
169,36
638,25
1181,0
1005,21
1403,22
1585,29
1012,15
217,43
1698,22
800,38
286,36
1571,33
1346,40
1179,37
238,19
222,12
656,48
1809,47
1547,4
1052,49
1976,13
1822,26
1120,17
979,8
65,48
1505,8
514,50
1089,15
1490,43
1054,2
1869,11
143,12
1565,35
1679,28
20,12
1798,46
449,44
516,9
148,47
1617,42
1215,25
1056,39
1459,13
950,32
804,37
710,11
1074,20
1916,35
262,4
1832,14
870,26
279,38
847,42
62,28
282,7
1765,34
1349,30
1575,31
502,49
616,9
677,43
1395,31
985,40
946,26
810,13
1564,22
1087,24
442,16
688,38
175,3
415,12
1163,39
1167,18
1182,42
1853,49
931,46
236,23
1198,20
132,44
1955,39
699,4
620,2
1875,10
68,8
1323,28
503,19
1968,24
1353,22
1620,48
849,25
708,21
1445,20
1016,29
1064,29
135,41
1081,19
906,11
727,2
273,9
347,12
1789,9
207,28
893,32
1118,40
1479,3
1913,25
1192,5
479,3
345,24
683,40
203,37
1438,38
1094,45
215,9
1042,34
1862,40
1450,50
1888,46
1675,20
1069,23
823,39
1339,16
1598,23
362,39
40,47
1561,50
1741,8
1321,49
1390,43
671,21
406,4
49,42
1267,13
561,45
1576,46
602,18
1910,21
884,33
1001,25
1264,0
899,37
1555,49
1876,42
1061,33
625,40
1848,5
1300,15
1838,40
1703,17
1807,46
1425,42
1997,43
673,28
44,5
114,15
1560,23
1825,7
865,35
1784,26
1664,45
957,49
864,50
1514,8
637,5
761,43
463,17
1391,19
1532,22
293,40
1933,0
1546,34
299,46
1282,35
1929,6
1228,26
1590,38
1509,9
506,5
6,5
16,29
412,30
669,7
81,13
834,17
652,9
1271,21
1647,20
385,35
692,7
157,24
1854,2
294,37
1224,16
733,25
1652,37
1573,30
1616,43
1964,8
210,40
1714,10
702,48
1381,34
1232,20
1719,36
1160,25
1644,17
1440,4
1731,14
1593,15
1841,35
1821,15
813,46
1334,34
468,10
1614,1
1359,30
879,45
495,38
717,13
744,19
1017,5
1399,11
1897,5
227,0
672,48
1901,14
275,14
515,39
1173,17
487,33
1951,41
1473,18
562,42
1372,23
1103,44
1898,47
283,34
205,27
422,27
199,24
960,20
291,47
1510,18
285,4
1815,32
1796,7
1306,28
1507,16
1206,22
1159,49
1285,31
1166,5
525,23
350,5
1491,4
245,41
1628,7
1366,49
272,22
952,42
1720,27
352,11
481,10
96,29
518,26
784,46
1480,0
788,14
1019,33
1813,4
1070,30
1291,20
1137,19
565,19
160,17
1931,11
1548,29
961,4
1632,49
963,50
122,22
1402,42
1959,50
1193,25
1828,5
1077,22
872,4
716,7
778,26
1634,14
676,14
1146,42
1890,34
1891,27
1199,43
1672,24
1661,3
1407,6
3,34
1045,39
480,8
628,24
1697,2
553,43
127,44
1340,29
1452,6
407,23
769,25
373,47
607,39
308,9
1996,45
1689,38
1368,16
568,16
966,33
1058,8
1760,24
1742,25
1478,4
764,11
1060,30
112,34
356,48
1980,34
188,3
381,49
377,35
746,10
301,44
857,5
342,12
455,8
1261,24
1238,7
1711,39
1810,9
1503,31
1388,25
601,22
256,45
1297,41
1956,29
938,41
910,17
33,6
924,20
912,3
501,1
1559,6
1554,0
526,16
193,39
719,33
964,46
477,26
1274,40
1197,6
1932,23
1907,19
1026,15
599,24
536,3
666,18
1129,24
643,48
1435,44
1778,8
1076,21
1912,11
1705,28
1729,39
675,35
1787,35
1518,6
1685,44
1537,7
1443,29
1516,30
131,36
528,7
1570,49
595,29
1733,47
454,43
927,18
736,48
1286,15
168,33
70,9
1710,43
850,7
1002,44
1327,41
434,1
559,21
539,50
1108,45
1043,49
720,25
871,23
1336,44
266,37
1013,13
213,24
853,42
1552,11
1139,30
75,48
825,50
453,4
587,28
833,0
905,27
384,15
640,50
615,19
358,50
1468,20
86,4
1143,38
1867,9
914,31
1563,9
1795,9
92,43
641,38
19,2
1837,3
1009,2
416,10
152,7
1136,3
220,10
993,10
320,41
39,21
1660,32
1453,7
1650,43
1562,11
1085,47
1723,44
1680,9
59,40
1970,30
913,2
512,27
309,28
18,9
629,35
14,46
1355,10
1145,27
721,31
1080,10
1387,19
436,17
987,34
1753,15
875,43
13,6
655,39
1114,27
714,26
84,6
182,12
128,49
1117,23
1375,18
1307,36
1394,35
1708,32
254,40
953,45
1376,3
225,18
284,5
1971,47
1188,20
1371,0
1921,25
1568,11
90,31
1701,16
836,38
954,9
1038,9
1298,49
1272,25
886,1
208,35
644,2
383,21
54,36
1803,24
1855,26
1484,47
1609,14
1594,2
1724,34
990,34
1881,3
379,42
1275,22
681,2
339,21
224,5
417,32
1517,48
1615,17
162,13
1213,16
1312,50
1096,8
1161,15
1249,15
292,41
1229,24
780,14
1430,22
1441,39
1648,27
1513,24
1110,34
1204,41
1492,26
394,40
1566,23
697,5
1396,25
1148,27
343,6
974,34
965,37
1752,8
1482,2
104,49
1000,22
1408,0
1020,6
851,29
1168,17
1240,37
311,16
88,25
461,9
1364,29
1281,41
1597,12
1495,0
1738,45
76,40
183,17
646,7
380,28
1082,42
47,12
1651,14
1467,19
1410,46
22,10
1704,24
94,14
1099,50
1178,34
633,36
476,31
418,45
1963,13
452,33
368,11
1829,10
1123,10
970,23
1109,11
372,6
1670,23
1640,47
1961,5
1124,38
726,28
73,39
1269,36
1097,45
1144,38
737,16
547,1
244,23
101,21
1743,20
1352,37
1496,15
820,4
923,46
414,36
1868,32
932,38
1079,8
584,20
1636,41
1397,18
1208,13
1458,10
664,34
1654,49
591,3
264,50
1378,23
1360,45
100,38
513,48
243,20
530,13
765,35
1211,13
1519,35
1728,20
1439,1
796,50
1379,27
1231,2
921,6
154,24
817,15
1303,38
1202,32
956,1
1588,6
1702,11
190,29
1333,37
444,37
404,39
1668,19
277,3
71,40
1994,42
109,47
1894,36
1988,30
598,3
78,45
1574,7
898,28
105,17
1195,1
901,10
941,36
357,15
583,29
1740,33
1044,18
896,8
1260,41
1911,49
585,12
1755,36
982,50
1348,28
580,37
1279,1
492,0
1534,25
1799,18
795,3
707,48
1992,15
1102,8
1663,12
156,24
811,45
903,2
1906,39
252,21
1669,43
819,40
1295,32
32,23
1775,40
106,6
856,33
1928,44
1032,7
370,48
270,7
126,31
805,16
661,32
1582,11
55,26
1187,50
150,16
186,39
46,43
363,33
1607,10
1221,48
420,3
1335,11
1404,48
1494,36
902,10
494,49
1915,9
1993,12
1277,38
1041,3
1383,6
184,28
353,35
1751,48
41,31
948,10
110,19
711,45
1477,21
794,48
1362,5
64,0
678,48
1263,20
1225,42
1934,17
1455,9
467,32
1214,18
1586,40
38,14
1979,25
302,26
187,26
174,33
1416,31
1885,26
1608,4
1212,18
1603,30
124,10
1283,40
355,26
1078,10
1920,6
1944,16
724,36
882,27
466,38
56,41
1040,1
1154,15
315,13
457,3
1265,31
597,41
232,17
969,7
843,43
79,36
743,29
741,20
1716,0
66,18
413,12
316,32
340,2
1201,33
1389,45
1288,7
639,47
1363,8
1889,12
99,27
1014,10
369,44
1662,19
1658,18
1623,35
895,29
1641,50
829,27
1246,46
1183,23
472,36
1254,20
1790,30
1059,25
395,1
166,48
1816,29
550,12
1486,38
774,31
1035,1
324,30
318,16
1535,19
792,24
1527,25
1525,34
776,48
305,22
1257,43
537,4
1127,26
1642,24
611,20
303,48
206,46
827,34
328,2
624,15
42,36
1046,46
1972,2
1055,22
497,33
237,40
803,14
1793,36
610,33
839,7
1948,30
1960,28
1656,44
1104,8
1427,45
1883,19
557,0
1338,0
1774,17
389,21
195,30
35,30
806,38
1839,28
582,38
751,36
312,33
1863,19
1759,36
1357,15
