1554,48
1183,37
495,5
855,48
775,46
976,41
435,39
373,46
1851,44
1249,36
1259,3
1397,29
242,47
1598,37
26,20
543,6
423,25
145,37
122,43
1237,49
1080,25
1267,43
551,36
1125,33
690,26
1542,15
630,29
1518,40
1466,29
1210,12
523,33
38,40
1685,30
1870,43
171,3
513,50
374,37
84,35
1919,10
1923,34
1353,16
1528,46
426,21
1985,14
541,18
35,32
852,1
1777,35
1833,16
371,18
839,8
637,25
562,30
1383,20
1696,32
307,44
1541,21
391,46
762,9
203,0
1225,25
1540,35
1793,12
812,25
1567,23
1150,4
1523,25
1703,1
1304,7
588,38
1457,12
182,37
154,26
1395,46
491,22
1224,31
605,38
1665,6
125,19
267,27
206,2
522,11
982,46
1180,33
860,32
348,41
1656,23
1002,50
958,29
14,37
157,9
874,20
1222,27
91,35
1350,48
917,11
327,13
840,35
214,2
965,28
1358,20
608,17
415,32
404,48
1905,8
778,37
19,23
2,13
1907,24
1831,38
1145,9
1584,13
702,34
975,23
1639,43
1633,42
1948,33
1391,44
944,43
827,43
1785,47
1944,37
538,47
8,36
1537,19
1040,32
1022,35
1140,36
1742,4
1627,18
641,43
662,15
607,40
1154,46
531,42
830,48
1826,27
468,7
1296,41
342,29
854,22
649,3
1473,21
556,46
1423,14
575,28
1439,1
919,15
991,31
142,4
1516,27
17,42
381,50
46,4
1783,21
904,38
1308,42
3,6
1044,5
1205,50
1488,14
825,43
503,47
1810,6
1341,1
833,0
1955,49
1661,33
1020,45
61,16
1927,18
1015,14
1978,19
130,18
1305,42
1171,28
1366,35
102,6
1840,45
1837,33
1114,7
1099,28
1735,5
1753,26
713,15
1374,24
421,8
734,43
1199,23
166,27
44,39
847,7
1013,7
1385,12
1719,20
1509,34
1137,24
479,13
592,4
1494,49
844,12
74,23
1377,30
40,2
1690,16
286,26
174,35
65,34
1052,24
449,19
472,16
231,41
952,38
1638,43
1392,37
204,39
1906,28
1608,49
732,2
1786,16
261,38
797,32
1848,27
1215,36
207,49
185,26
1916,40
1859,22
405,8
33,49
1949,3
557,46
787,10
1254,33
1159,36
1924,43
1506,41
790,4
45,3
801,8
1253,11
1764,41
439,29
577,32
266,40
908,44
306,7
1727,9
1241,5
1642,15
1062,35
1,46
328,24
1698,41
430,6
1645,29
1954,1
817,45
1718,28
1820,5
584,4
1818,11
615,39
1804,42
849,48
1993,1
635,31
1816,37
1130,25
1865,31
313,34
1960,50
492,18
1058,40
796,50
172,28
582,14
1064,32
474,21
1852,23
569,15
1005,39
53,11
1182,25
1792,41
1522,24
1309,28
1631,0
697,36
1745,40
726,14
246,42
1105,29
568,9
43,22
308,15
1436,44
887,38
1024,3
901,26
705,15
1644,8
164,26
800,19
0,0
1468,45
1156,33
353,12
954,34
1880,1
619,16
681,9
1883,32
1141,47
1417,49
831,14
631,41
1846,27
409,1
1849,4
695,48
669,25
82,42
248,10
1563,11
434,35
1651,30
1754,8
1076,41
419,12
1910,48
1800,32
1120,6
482,29
850,43
950,50
548,41
724,21
1290,22
822,28
1874,41
692,21
264,19
244,11
1181,3
933,0
54,41
903,33
1824,11
1116,34
1553,5
1067,12
147,11
693,25
1652,24
1602,6
1768,13
1240,2
1708,7
829,32
1050,34
673,24
1478,13
1411,17
802,50
894,12
746,3
623,13
1051,28
1084,41
1773,31
103,39
1668,31
177,12
1766,40
845,50
1031,21
1721,36
1667,2
1155,41
811,31
921,39
1128,37
1246,15
1750,30
138,27
51,20
1827,14
1201,35
384,6
1982,19
213,31
716,2
1367,22
57,4
378,25
1230,32
665,11
211,28
240,27
535,5
165,10
16,30
906,47
1053,12
786,40
1622,5
1787,18
1380,9
1075,25
365,11
1775,33
768,3
1857,20
1071,21
1216,2
1862,31
1314,49
344,48
1117,40
1089,21
1592,6
907,17
1970,9
1321,21
889,38
1351,0
325,16
343,14
478,34
755,32
618,42
875,40
131,26
1195,2
1672,16
1894,6
1176,9
1223,3
90,19
1710,41
1729,17
1953,29
1808,47
309,3
997,47
1733,43
622,30
1412,24
1279,16
1455,23
1166,40
866,38
1781,48
1336,9
225,48
253,22
473,13
1440,30
1683,45
808,23
1928,4
1276,25
560,5
1317,25
916,19
148,17
748,24
186,47
1992,4
356,23
1558,15
295,23
1858,34
193,27
156,31
1617,28
1681,43
143,3
979,49
1273,9
1779,10
1751,46
1513,34
744,21
836,12
586,20
862,49
1124,28
949,0
113,32
765,38
1515,16
273,23
62,29
570,40
1463,30
1257,7
1760,47
873,49
1252,8
67,9
750,33
1107,19
915,33
245,39
399,36
1389,23
1614,13
448,30
1318,33
648,46
1913,16
1720,41
151,26
1009,36
465,50
270,48
1604,15
1272,26
352,25
736,36
680,33
931,49
712,13
710,5
1991,32
542,27
1830,4
96,48
37,17
477,40
229,2
1900,30
389,1
813,14
1192,1
1454,9
1406,7
475,6
1817,41
215,19
1414,15
1131,43
317,50
457,39
1297,28
555,16
671,26
1680,49
753,36
230,46
183,20
964,44
1847,1
498,13
1451,13
454,30
1082,11
1650,41
1765,37
1529,18
1947,25
121,25
1850,29
534,41
1835,32
1345,35
1761,8
1550,0
480,30
453,46
998,49
1164,4
1869,31
1100,1
651,13
1964,21
653,34
885,6
645,34
1055,28
1371,14
772,33
752,16
739,20
687,6
1886,41
1217,21
902,17
848,1
1925,31
1023,42
1989,21
943,32
1834,45
1301,20
350,9
1671,44
880,3
487,11
1660,45
515,48
1574,2
228,8
341,29
1034,26
923,38
155,22
754,10
507,22
1593,6
86,45
1740,36
629,6
433,49
1811,34
272,26
470,45
337,28
1449,14
1475,42
11,21
992,33
1092,28
545,22
1331,7
1618,35
593,33
1418,43
299,42
118,10
1772,20
1220,48
271,22
76,13
1559,10
1041,21
146,3
202,39
1190,8
1938,1
31,50
1186,45
1042,1
1458,23
1856,22
355,49
936,18
544,32
1490,23
1778,11
1409,28
1803,38
1606,31
1361,39
689,11
1572,42
191,15
1844,38
1613,32
670,12
1434,11
1825,34
192,35
1636,29
1465,5
1784,46
1595,7
388,3
1539,31
455,45
1459,17
1004,35
994,10
1202,28
1073,29
1094,47
106,16
1975,24
15,25
330,27
632,29
893,47
316,33
617,8
504,23
1388,10
1746,10
85,46
1162,29
650,31
963,10
1629,31
977,15
22,19
677,40
1068,33
1499,40
514,4
30,27
450,11
55,15
1896,18
5,44
72,18
1578,0
105,13
252,2
769,49
1102,11
398,15
1590,15
1841,5
200,28
539,50
153,17
1333,12
216,5
1066,7
1508,1
1527,14
590,19
767,42
292,1
236,20
336,39
1435,35
1493,14
83,10
1018,32
100,11
288,14
792,34
1920,24
1914,34
552,27
1275,2
1133,40
168,50
93,26
578,32
529,38
305,7
881,30
1796,7
525,47
354,17
1121,8
1739,13
1770,19
149,24
957,13
1198,2
1232,50
1877,4
646,2
338,41
1097,22
320,35
939,10
1163,39
1281,6
1799,29
1918,42
80,24
1763,14
1945,28
1582,42
1461,47
1028,24
1966,29
1268,13
1063,48
112,26
1670,50
1213,47
1158,34
1221,34
722,21
1467,2
871,0
69,24
1378,17
107,46
334,4
117,6
1921,22
140,40
1902,31
818,42
508,48
1630,0
1026,13
401,22
1306,15
1682,1
1188,5
587,28
199,35
1771,16
1481,41
490,14
858,22
162,11
1325,25
1343,28
428,37
1487,44
798,22
1300,38
269,47
633,3
332,41
444,38
364,46
516,48
1283,14
1422,30
158,40
1416,32
972,43
1942,35
686,10
119,0
476,21
909,16
319,9
1605,7
1136,31
770,19
682,7
1430,5
1807,14
718,49
227,37
707,30
116,18
1280,21
170,38
520,25
87,13
1566,42
109,30
777,4
834,40
774,0
1365,5
1959,35
1122,50
471,38
932,37
189,4
1713,15
99,2
1043,48
1310,16
1581,40
740,48
1998,13
905,20
1017,42
974,4
445,12
1555,22
553,44
1699,44
565,39
643,50
1489,35
1035,17
1360,3
1585,12
1967,15
1571,28
123,34
614,8
1891,14
1603,27
959,3
1525,24
446,35
1340,39
372,16
1127,45
549,43
1544,21
1692,44
922,4
528,42
1813,6
728,34
663,2
1519,42
1693,16
604,42
913,4
1462,24
1311,33
1569,23
820,40
89,11
763,36
1447,37
1453,17
1247,43
704,16
803,31
1749,46
1021,4
639,18
1565,50
1535,19
1845,40
1616,45
1899,44
1442,5
42,2
703,25
1204,27
255,39
81,30
1759,30
1580,39
95,47
1324,7
20,39
783,47
1332,18
1776,23
126,34
1722,10
1658,6
406,43
1780,29
134,23
1235,43
1586,24
1327,1
429,47
1963,34
436,40
1372,21
431,20
559,24
1011,14
1707,3
1977,14
301,3
340,5
1576,3
1036,46
49,29
1752,29
1101,19
1470,41
942,19
1132,10
517,22
47,15
1876,35
1930,27
1184,29
989,20
918,7
163,22
1797,13
1144,26
377,10
1400,47
723,44
32,44
1271,36
279,46
1471,19
1769,25
1873,34
711,43
1319,36
1342,43
672,1
1597,11
1135,35
422,0
1401,9
1129,8
1795,47
120,2
1197,34
1623,2
891,47
361,1
1368,49
1809,9
275,5
1394,38
1704,26
50,41
1701,27
863,39
290,38
1337,48
282,4
984,26
27,30
1579,18
1829,34
1637,22
194,10
1030,18
779,44
524,1
627,33
1315,5
1654,49
92,8
1934,28
1716,30
1986,24
1074,39
243,47
996,30
1359,48
1981,12
1802,47
878,28
1889,12
788,46
1822,0
1313,10
1897,11
546,20
48,32
835,40
1725,32
1677,1
1679,47
1420,46
283,8
791,19
1298,27
1577,12
1536,28
1245,17
1269,26
781,4
1687,5
951,9
1612,30
368,18
1689,49
1510,29
561,40
574,31
567,17
806,24
34,39
458,31
68,9
251,33
501,28
1591,47
71,17
1939,48
1212,49
826,28
519,10
1615,47
1248,35
1115,27
1057,38
1185,17
467,6
425,39
1564,12
94,44
1236,12
664,46
1794,29
1110,17
178,0
1738,22
613,20
910,19
1251,15
1452,15
1118,8
867,3
518,46
1256,20
1480,23
1634,32
427,17
938,13
1303,42
698,16
536,0
24,7
1476,28
911,35
335,34
511,37
1951,18
303,32
1302,27
1264,40
1194,45
1961,29
114,5
462,43
1653,11
1684,2
1038,6
180,32
1937,26
1008,21
1678,25
1196,2
1842,39
1908,10
52,21
1032,11
761,42
789,0
1556,42
1649,14
784,6
804,41
1895,15
1206,26
1200,39
21,5
1878,12
1663,30
611,2
1675,12
1239,3
383,15
920,26
7,6
1161,13
321,1
222,16
1885,37
1072,2
13,39
176,21
640,22
870,3
882,1
872,26
1620,29
133,27
1915,36
773,49
721,15
696,8
838,8
1126,0
1407,12
257,25
1524,5
576,47
1609,32
1853,25
1483,50
1356,24
63,18
1354,45
1142,39
1179,27
1588,12
1464,47
263,24
127,4
859,5
1520,22
1282,12
987,13
1382,28
741,3
1838,14
1096,44
188,28
1312,3
39,48
1479,11
1049,19
1286,1
1000,11
23,21
260,20
647,45
150,26
1077,45
782,37
1146,50
1724,1
621,2
18,14
1091,0
1328,8
1941,7
846,39
926,19
6,6
268,17
1393,18
494,14
668,38
1676,1
1695,8
1048,15
1881,40
1547,32
312,50
358,0
1988,6
1517,11
392,12
1674,13
58,9
1078,23
1694,36
234,42
1999,14
1922,23
1548,0
661,3
380,33
1426,23
876,33
1657,50
369,19
971,17
1659,6
1673,39
418,15
1688,0
1261,26
688,0
527,39
9,25
1059,22
1503,2
345,44
1172,21
1069,50
1292,16
851,33
1187,31
776,10
1974,19
1170,25
311,24
333,4
1208,0
1984,42
1504,9
634,23
1209,37
1167,31
4,43
196,6
1112,34
961,6
1973,50
1705,12
1531,32
1260,5
265,14
1587,26
1611,18
995,25
757,43
596,16
1530,22
60,36
461,10
824,0
357,17
602,35
685,28
291,1
1583,34
1691,41
1014,10
719,30
232,38
1935,6
566,8
481,47
1936,25
1664,9
810,33
1443,50
1805,29
1250,19
70,5
161,39
678,14
1396,16
346,43
756,13
1715,50
324,8
390,32
484,46
1912,4
512,43
294,22
1871,5
304,19
1601,15
1648,48
595,32
709,3
329,33
1456,20
924,37
224,33
1335,33
239,11
386,9
594,38
1861,38
447,22
385,21
1526,31
1347,36
10,20
1103,29
708,9
1284,28
883,27
41,17
960,23
1450,34
1549,0
1348,26
1632,24
1019,8
500,45
1266,24
1039,44
438,45
1484,34
66,14
1893,38
190,10
217,3
1352,15
1980,3
1983,15
136,3
807,48
1686,13
1419,29
367,47
1723,36
175,19
537,37
1736,42
1289,34
280,22
1965,24
1242,24
856,27
1349,42
1717,26
1421,27
864,0
955,6
795,4
1262,21
469,22
1962,22
395,8
1697,42
1756,21
843,11
816,24
727,14
382,50
128,6
1543,16
1438,24
814,18
218,13
1364,49
1061,26
1968,30
928,25
521,11
284,36
1594,48
1726,8
771,27
1469,26
1003,50
1111,29
1635,40
1666,5
644,18
1174,27
1151,4
360,2
300,23
1931,43
249,15
583,11
129,49
1346,37
1562,26
895,7
934,46
700,23
417,30
616,7
1109,33
1093,2
601,38
1445,23
1474,37
530,12
1709,12
1512,5
745,0
1148,10
657,22
1502,18
1882,7
1843,13
1621,35
1037,0
1801,8
1387,39
1570,48
749,34
1270,5
667,35
1149,29
742,20
658,17
1157,49
1291,21
898,44
1995,4
1600,13
609,43
968,41
1819,47
610,6
564,35
198,47
326,41
683,12
953,7
925,27
1892,8
1731,32
737,46
912,20
1085,41
59,37
1329,16
1410,44
506,44
715,37
210,26
865,49
1134,31
1498,36
1243,15
98,15
101,18
159,1
1402,28
729,50
884,10
1823,39
1123,31
1362,12
1734,44
233,9
563,45
1046,14
510,18
1203,46
1231,11
652,37
751,7
451,17
1501,28
598,0
376,27
1903,20
1821,29
277,26
387,41
1505,31
1379,36
259,38
679,50
1744,31
1757,22
1976,45
1929,30
1917,15
179,8
1943,20
1088,17
197,14
674,46
1081,10
1386,23
1060,44
1326,21
735,20
1339,7
660,8
1106,16
978,25
1538,47
160,38
1791,10
970,3
1714,2
1979,10
1047,34
1743,5
499,2
1226,24
731,25
1238,15
1138,49
1338,9
456,42
254,32
986,0
1926,8
1711,18
1448,13
1207,20
1227,33
760,18
250,2
318,30
589,50
1437,12
331,7
799,24
550,44
1545,7
962,40
1357,42
967,40
1460,11
956,15
351,21
603,24
1815,29
1153,42
1624,30
914,6
1029,26
628,34
1095,17
1477,43
591,13
1065,7
1086,49
1647,37
489,17
262,22
111,1
1320,23
1233,32
1774,47
1790,17
1432,30
440,5
1589,16
1958,33
1879,43
1444,0
1390,37
281,11
1381,39
805,45
1596,0
459,12
195,34
1643,40
1872,20
758,10
110,3
1560,17
1533,12
1405,35
1950,44
135,44
706,37
1741,21
293,14
1403,26
323,10
502,31
940,41
1491,50
1139,4
636,32
1429,44
929,12
1384,35
1045,45
460,31
1012,2
1864,36
890,0
699,2
1812,13
443,23
1946,17
209,9
1363,31
169,38
1104,17
219,6
930,4
1568,31
1758,36
139,26
684,9
900,4
785,30
983,11
823,24
540,44
1839,49
869,48
375,46
463,24
208,2
370,40
432,18
441,23
1482,5
1599,38
1431,23
573,27
1557,20
289,10
1789,22
226,18
1997,38
572,24
64,38
1486,1
73,38
809,19
554,29
393,9
1534,23
1228,37
247,9
256,3
1496,8
1001,22
29,31
493,16
857,14
780,28
276,17
1607,36
349,43
793,43
533,1
993,9
483,34
362,18
1113,36
359,5
1211,8
1229,30
302,28
1732,20
832,37
1274,34
1911,5
1971,40
1295,0
1573,27
1641,16
666,36
1887,39
1610,1
108,7
486,19
1646,11
1996,46
238,47
1323,33
1640,9
868,36
1079,33
1278,20
1169,17
1147,45
124,20
1472,14
485,7
410,44
990,7
1521,35
416,9
1933,40
1868,39
1890,10
241,27
366,50
187,4
1669,9
969,29
412,18
1413,28
892,7
828,17
400,50
1398,31
1798,20
1355,44
1866,11
1514,8
1888,6
1854,25
877,50
1165,3
1175,1
339,42
1904,26
285,6
104,1
88,45
137,49
1972,5
1898,31
935,30
1441,8
1299,48
1969,20
1702,37
1255,8
946,41
701,19
1446,27
221,38
1160,22
1767,20
1855,33
235,50
1806,46
1177,18
1369,39
1433,34
1626,20
896,49
743,21
1532,8
1814,44
730,26
558,12
1415,45
794,33
141,40
420,9
766,47
223,9
1546,17
999,19
899,11
1263,1
580,16
1867,43
1016,37
413,37
1932,18
1007,3
1376,9
821,35
28,37
75,12
287,6
1054,1
1408,7
897,38
274,16
1747,38
442,22
1087,16
310,46
407,46
1334,3
620,6
571,14
853,19
1662,46
79,27
1108,25
1425,6
173,29
985,20
1193,48
1875,23
1375,37
815,23
1070,47
278,35
1987,38
532,25
733,13
638,37
78,24
363,7
937,45
1901,9
1189,27
1258,36
1428,32
1755,7
12,41
1495,31
966,18
132,8
1277,27
1706,29
1497,43
1173,16
314,7
1293,49
879,39
1098,22
1056,45
212,3
505,42
599,45
1860,13
625,45
654,35
1952,48
1427,37
437,38
676,2
1027,15
1218,45
1619,18
397,48
379,41
237,19
1836,15
694,1
579,27
1956,44
526,49
25,49
1288,18
717,45
1909,46
1561,36
1655,44
764,7
585,10
1178,31
581,44
1316,36
973,20
1214,35
144,50
1119,48
1244,17
1500,48
322,30
77,4
988,49
600,10
1234,10
408,16
1762,18
656,45
1219,16
1143,18
424,2
1575,14
837,23
1940,49
725,45
115,45
496,49
1551,4
1285,26
1307,4
1994,43
1294,0
1010,30
1700,48
1373,17
1168,50
184,4
181,23
1090,3
1033,48
315,40
1552,14
738,32
201,43
1083,36
927,13
981,36
1884,25
948,41
1399,33
659,25
1625,5
642,16
1990,45
842,40
714,0
691,39
97,43
1006,23
624,31
258,2
655,7
941,42
488,13
497,25
1330,30
720,19
1828,0
394,13
56,4
1404,36
947,42
1265,21
1728,10
1832,21
886,39
1492,21
414,31
1152,46
205,49
403,24
945,44
606,48
464,29
980,19
1322,36
396,21
452,30
675,46
297,17
1730,5
1863,35
167,9
466,33
888,2
1737,10
1424,30
1957,4
1485,12
747,7
1344,5
1507,42
861,36
759,19
1191,44
220,32
1712,25
36,8
1782,9
819,19
626,0
152,41
347,48
509,45
1287,45
1748,40
402,41
597,44
1511,2
411,42
1628,19
1788,36
547,47
298,35
1025,45
612,1
1370,33
296,3
841,27
